1.998913571759892926e+00
1.859911382303752525e+00
1.482129646647856180e-01
2.439583663905985911e-01
-4.285817414203094700e-01
-6.068275832781474532e-01
-2.757845810843387868e-01
-7.822510559442613642e-01
-9.177322691904600260e-01
-1.021483370829466386e+00
-1.082128814795710214e+00
-1.049887532792251443e+00
-1.255226285470141256e+00
-1.314631365246600847e+00
-1.353824781205245298e+00
-1.394225132466271777e+00
-1.424302678400162669e+00
-1.461381110325507882e+00
-1.486696529595390448e+00
-1.496761810383726798e+00
-1.502568008300666724e+00
-1.507756000160390464e+00
-1.513059212368747630e+00
-1.517806751888447714e+00
-1.521873218897945357e+00
-1.527082603388627557e+00
-1.534737903027169059e+00
-1.543810486292311657e+00
-1.551101845554592185e+00
-1.558066552431582430e+00
-1.566639942057322044e+00
-1.575066305064034999e+00
-1.582998208457836675e+00
-1.590765173789237208e+00
-1.595493732475341098e+00
-1.601867727848059308e+00
-1.605834058830086342e+00
-1.611553962173537968e+00
-1.614460641274588548e+00
-1.618064387242156954e+00
-1.621159455212138445e+00
-1.624298914106271363e+00
-1.627049602304421638e+00
-1.630738442650652820e+00
-1.633495201285846354e+00
-1.635218001963266277e+00
-1.636800786123943308e+00
-1.638130638375974391e+00
-1.639160405664602527e+00
-1.640250168718068613e+00
-1.641795551002072973e+00
-1.643892491929413779e+00
-1.646449909827788272e+00
-1.648677566819092721e+00
-1.650538684000613543e+00
-1.653144863353982252e+00
-1.655811448342504599e+00
-1.658137472296378201e+00
-1.659498471118975083e+00
-1.659596845855066505e+00
-1.660990794988054242e+00
-1.661496615448399217e+00
-1.661999348120186015e+00
-1.662421354873849344e+00
-1.662855638493305754e+00
-1.663216937233895187e+00
-1.663618179156869825e+00
-1.664046240012938327e+00
-1.664513715627990997e+00
-1.664998386433233613e+00
-1.665400027682547357e+00
-1.665664288203804633e+00
-1.665904698378963156e+00
-1.666063959343775824e+00
-1.666176805426809349e+00
-1.666243267059252187e+00
-1.666304504090527772e+00
-1.666370504586996981e+00
-1.666448202033873560e+00
-1.666538134201469123e+00
-1.666652063011089480e+00
-1.666806548997480597e+00
-1.667030979797185619e+00
-1.667328969323802479e+00
-1.667953278270368322e+00
-1.668986428748121087e+00
-1.668693640417538315e+00
-1.670727077165891306e+00
-1.669515688515153196e+00
-1.672347881399876890e+00
-1.673453490315764292e+00
-1.674219353551675615e+00
-1.675193808532281725e+00
-1.676767602771025878e+00
-1.677679220165045670e+00
-1.680467115429920000e+00
-1.682483623456678457e+00
-1.682163265748962688e+00
-1.685917866387341757e+00
-1.686841620156917410e+00
-1.686841620156917410e+00
