1.948942386218650347e+00
1.644707032299659311e+00
-8.613827153570045858e-02
9.932982981259941280e-02
-3.983849035871743771e-01
-7.013204720540189285e-01
-8.289427677675069717e-01
-6.649624756273364579e-01
-1.100684818367400508e+00
-1.179800757476038742e+00
-1.140132366746104076e+00
-1.390378296974039030e+00
-1.271526143658718411e+00
-1.422678826562677967e+00
-1.468086740750012220e+00
-1.491754284055219149e+00
-1.505001043712714370e+00
-1.519161924687783660e+00
-1.528316158654499990e+00
-1.558803619139798924e+00
-1.566036172623244793e+00
-1.610232171531547518e+00
-1.595839538750438269e+00
-1.626912638458833937e+00
-1.652879779291333229e+00
-1.671322835978168886e+00
-1.679499101272343475e+00
-1.696111339570907761e+00
-1.701650060749026361e+00
-1.726243884907049164e+00
-1.735551440558928737e+00
-1.752086971565292695e+00
-1.755978310136999676e+00
-1.761570864139396786e+00
-1.767715281376247116e+00
-1.771837414349512585e+00
-1.775991091419351964e+00
-1.780157025763022816e+00
-1.784011090997619231e+00
-1.787031959752407362e+00
-1.789876090466602232e+00
-1.790859360265854239e+00
-1.792979263264992129e+00
-1.794062101391233899e+00
-1.795333410074829050e+00
-1.796454645953041052e+00
-1.797448004199396321e+00
-1.799701953030862889e+00
-1.802491090133705232e+00
-1.804761183029076399e+00
-1.808003418678841623e+00
-1.810754073321453106e+00
-1.813336904190116616e+00
-1.816273179365460066e+00
-1.817946915525196827e+00
-1.820707571860908924e+00
-1.823279570915148140e+00
-1.826503955328503626e+00
-1.828125637434160566e+00
-1.830882576796069694e+00
-1.834629746092867109e+00
-1.838380118922939621e+00
-1.840520315632038884e+00
-1.843117854274518352e+00
-1.843827273254515120e+00
-1.849152310768801044e+00
-1.851366339400890570e+00
-1.853008797096741489e+00
-1.854338395842706877e+00
-1.855331542457968386e+00
-1.856316746459941491e+00
-1.857374385739547717e+00
-1.858180003122508639e+00
-1.859376391414981455e+00
-1.860954849042441683e+00
-1.862162817360595080e+00
-1.863789722118317282e+00
-1.865562633383450075e+00
-1.867083598003316691e+00
-1.868068444070897671e+00
-1.869195451984564382e+00
-1.870438888095814933e+00
-1.871230808415832225e+00
-1.871837990326786549e+00
-1.872629030335976053e+00
-1.873391925713616901e+00
-1.874279554628720090e+00
-1.875399623932992643e+00
-1.876915953199602471e+00
-1.878670873692916299e+00
-1.880574308468775380e+00
-1.881116175098943355e+00
-1.882120763407432840e+00
-1.883802640978236687e+00
-1.885215105267127988e+00
-1.886789109508258511e+00
-1.887618826589109622e+00
-1.888417852254572704e+00
-1.889350763379917808e+00
-1.889814680393271384e+00
-1.889814680393271384e+00
