2.001314415182328332e+00
1.888925838073367558e+00
5.384385494845369546e-01
1.386921371278534432e-01
-7.858547387315758526e-01
-6.383940918853823199e-01
-1.047905821991845121e+00
-8.268805745882994440e-01
-9.874486987954308459e-01
-1.448795133668816515e+00
-1.478128588910909924e+00
-1.519926500687360793e+00
-1.522113559091991863e+00
-1.570652955094975489e+00
-1.582518782226842946e+00
-1.597065212742073470e+00
-1.612784253754490305e+00
-1.623596981884841250e+00
-1.530759524743745548e+00
-1.642895944725941026e+00
-1.658107961087948334e+00
-1.669876056333454928e+00
-1.679275659757810013e+00
-1.687754281766624675e+00
-1.692678307280014005e+00
-1.694934732805710942e+00
-1.697019084138549072e+00
-1.700278196149252796e+00
-1.701680237126718787e+00
-1.703428818086234919e+00
-1.705786251196795833e+00
-1.708261354753777939e+00
-1.711928109759344174e+00
-1.715854850515958097e+00
-1.721414777848116140e+00
-1.723351503638320459e+00
-1.724790422393995826e+00
-1.726228995842752578e+00
-1.727820394584782759e+00
-1.729755733786792593e+00
-1.731647539866005836e+00
-1.735171032987248063e+00
-1.739017537625352494e+00
-1.741525296287332436e+00
-1.743414952624765979e+00
-1.744575612375385054e+00
-1.745852448257503298e+00
-1.746394210145379988e+00
-1.746926877634623620e+00
-1.747770155312740936e+00
-1.749186449016742362e+00
-1.750452012329877238e+00
-1.751326095281256601e+00
-1.752124073848094543e+00
-1.752814615313024849e+00
-1.753701850051819777e+00
-1.755296077417403344e+00
-1.757389911345881739e+00
-1.759177629162567813e+00
-1.761902389026005267e+00
-1.765506655528900737e+00
-1.766728599378693199e+00
-1.767777217052571181e+00
-1.768312840935220231e+00
-1.768594560773740332e+00
-1.768672617116761714e+00
-1.768979544316155117e+00
-1.769125855437254868e+00
-1.769258025492721931e+00
-1.769326458939836311e+00
-1.769381032852473945e+00
-1.769414124763356799e+00
-1.769440668160286556e+00
-1.769455471137813429e+00
-1.769463410540214721e+00
-1.769469368347783789e+00
-1.769474950130781821e+00
-1.769478657233614083e+00
-1.769480395410014895e+00
-1.769481153221247771e+00
