1.988857573351326513e+00
1.836716741718054324e+00
1.244994293137584362e+00
-8.223563201469431816e-02
-1.068330033066684226e-01
1.473417757851587240e-01
6.315313927808305361e-03
-2.269809563448125789e-01
-5.316136105777755777e-02
1.301622585996542736e-01
-4.011688441748408884e-01
-2.103501582660989577e-01
2.379294827745288832e-02
-8.295488759891976871e-01
-1.755144251438505998e-01
-6.295171251116449262e-01
-4.147399603097601806e-01
-9.126132953334712417e-01
-9.208636478723046803e-01
-9.808747227919017986e-01
-1.087897250563702789e+00
-1.165726279106030772e+00
-9.792607828410032633e-01
-1.152205213080661261e+00
-1.201536637965943788e+00
-1.171190227495271463e+00
-1.242345882786052513e+00
-1.301168082401341186e+00
-1.364979689939954666e+00
-1.298520960888801756e+00
-1.294481541820726056e+00
-1.309555641258876246e+00
-1.416234303321264987e+00
-1.423989821368952802e+00
-1.417928750048515152e+00
-1.436744728727603615e+00
-1.460909239503766166e+00
-1.477808067844400330e+00
-1.487768618573216406e+00
-1.503115016303741669e+00
-1.497077480194776822e+00
-1.529771972432345750e+00
-1.543851264803890455e+00
-1.549684205277862992e+00
-1.559333622088642679e+00
-1.570781384024549476e+00
-1.576376664180797915e+00
-1.585643004692423697e+00
-1.592172310891602827e+00
-1.599220795761444158e+00
-1.607887349176635228e+00
-1.616384722055466350e+00
-1.622763360069821470e+00
-1.633878898176567063e+00
-1.642739408366759468e+00
-1.651779532075127621e+00
-1.660340207437394966e+00
-1.665440384799371065e+00
-1.671143275713587562e+00
-1.676886336305372316e+00
-1.684124190422653822e+00
-1.690600169946278042e+00
-1.696575133469356844e+00
-1.702841980192411508e+00
-1.707667606848367825e+00
-1.711924161951908330e+00
-1.716740625726655978e+00
-1.716178651941953959e+00
-1.721509428601035285e+00
-1.724949752367830769e+00
-1.729402365306560441e+00
-1.732016149262340043e+00
-1.735192181330240446e+00
-1.736114877643707644e+00
-1.737542123653781800e+00
-1.738349804296538625e+00
-1.739249340753976414e+00
-1.739915893129478253e+00
-1.740251958808221033e+00
-1.740569963336624948e+00
-1.740808012263671989e+00
-1.740995419658974974e+00
-1.741203376005425962e+00
-1.741353215539584998e+00
-1.741503073915035227e+00
-1.741726286416962477e+00
-1.741912924948410435e+00
-1.742140414681027538e+00
-1.742303271247044094e+00
-1.742448025502004061e+00
-1.742602334667960218e+00
-1.742851708565013258e+00
-1.743237783758958770e+00
-1.743744758829408603e+00
-1.744461369937559070e+00
-1.745348777519979855e+00
-1.735075394310153563e+00
-1.744895063026040027e+00
-1.747657253543938971e+00
-1.748761986547132441e+00
-1.748761986547132441e+00
