1.989830220796185323e+00
1.818578669472067810e+00
1.283570981563977531e+00
-3.549990011074612845e-02
-6.384581949348933083e-02
-1.418686222567003830e-01
-6.713649264888288393e-02
-1.000312009774072114e-01
-1.783318255098618188e-01
-4.201220642025638163e-02
-3.378761268375674032e-01
-1.096705596967194329e-02
4.967444812579151214e-02
-1.298195202614562116e-01
5.877837863928256357e-02
1.145563929715006785e-01
-2.006225759662261243e-01
-3.129058924663200569e-01
-3.571405058674307909e-01
-7.710255564128940531e-01
-5.528332218273455112e-01
-4.763980608319279275e-01
-1.217507008962610549e+00
-1.224378661795187284e+00
-1.305813743305486607e+00
-1.325383147291975039e+00
-1.378239237735862543e+00
-1.391919202800962152e+00
-1.426566396291091721e+00
-1.450321027523709283e+00
-1.454242709914986831e+00
-1.473318634890339318e+00
-1.495199482886325315e+00
-1.507889656568557335e+00
-1.514932135973678040e+00
-1.538725877285995303e+00
-1.552679128070673098e+00
-1.572070901289110090e+00
-1.591074408044228061e+00
-1.607771336299915976e+00
-1.622758667173681557e+00
-1.646698738517238025e+00
-1.661694288536348596e+00
-1.683086715773787212e+00
-1.694950810807918096e+00
-1.683500069111329767e+00
-1.716275920585043746e+00
-1.735665732598302924e+00
-1.747590610261872790e+00
-1.743683202785837771e+00
-1.758653999213940944e+00
-1.756795946180348400e+00
-1.762995786742445503e+00
-1.765544197428339679e+00
-1.768037963124271528e+00
-1.769484654943520363e+00
-1.770345453942230307e+00
-1.771825916119303734e+00
-1.773683196281542251e+00
-1.776696331818738095e+00
-1.778975715369345512e+00
-1.781450375764585425e+00
-1.782876267575280949e+00
-1.784486414290607614e+00
-1.785914741075440348e+00
-1.787088890880486058e+00
-1.787972785384427610e+00
-1.789013510368950843e+00
-1.790361281453359821e+00
-1.792473128213068367e+00
-1.794701463342593506e+00
-1.796891574155953464e+00
-1.799245608889446180e+00
-1.800906796207851990e+00
-1.803475548175651255e+00
-1.805105586898244185e+00
-1.806460115030448677e+00
-1.807713438081806068e+00
-1.809368523641224025e+00
-1.810842811868422775e+00
-1.811853456719395350e+00
-1.812497173437415565e+00
-1.813211836337655924e+00
-1.814044482454920892e+00
-1.814780480477059088e+00
-1.815287652957980891e+00
-1.815670099678234006e+00
-1.816025425345368038e+00
-1.816362043715379571e+00
-1.816472712990308658e+00
-1.816600294288850170e+00
-1.816729866874475130e+00
-1.816921091588775239e+00
-1.817115778554257544e+00
-1.817342623854165673e+00
-1.817602081233496092e+00
-1.817931258658823879e+00
-1.818220064596988372e+00
-1.818664204838980947e+00
-1.819073293768742161e+00
-1.819073293768742161e+00
