7.061042363591349957e-01 1.000000000000000000e+00 6.349021884931846382e-02 2.292864206999414498e-02
7.343454534955180524e-01 1.000000000000000000e+00 1.027794698192052436e-01 2.292864206999414498e-02
9.092938542181784323e-01 1.000000000000000000e+00 4.907459597883944147e-01 2.292871657580011421e-02
3.000000000000000000e+00 1.000000000000000000e+00 6.297147055693720574e+00 2.292950167774708559e-02
3.000000000000000000e+00 3.703261043122006990e-01 6.000337803917906498e+00 2.292951258976598169e-02
2.013882592054867082e+00 6.230209342205099698e-01 3.297983610625101925e+00 2.292913567919296902e-02
2.145989126387742196e+00 0.000000000000000000e+00 3.008773759534262737e+00 2.292917400375985709e-02
2.336159370797179502e+00 0.000000000000000000e+00 3.254850721105095435e+00 2.292923246510634311e-02
2.435616087155819010e+00 0.000000000000000000e+00 3.227187772703405511e+00 2.292925075302904014e-02
2.807808074806378951e+00 0.000000000000000000e+00 3.142120828729623394e+00 2.292933756312507884e-02
2.604760123012347606e+00 6.797063225132955570e-03 3.124806357543107538e+00 2.292928969261688599e-02
2.615762403040480244e+00 0.000000000000000000e+00 3.141295711304737726e+00 2.292929189340220733e-02
2.614444630523051316e+00 7.016327140605093453e-21 3.141675817258576142e+00 2.292928974639799750e-02
