4.979371512989044080e-05 1.000000000000000000e+00 9.987694121904991396e-02 5.314618059503837394e-02
5.730390037158965955e-05 1.000000000000000000e+00 1.590232858807625604e-01 5.314616569387718009e-02
1.000000000000000048e-04 9.999999999999995559e-01 6.286836741876237200e-01 5.314616569387659722e-02
9.999999999999989637e-05 6.763050944526938224e-01 1.034329540863881469e+01 5.314614120219240262e-02
1.000000000000000048e-04 1.000000000000000000e+00 3.759156209237830559e+00 5.314616569386290679e-02
1.000000000000000048e-04 2.014589934478636657e-01 9.293463104702707867e+00 5.314610672831664856e-02
9.999999999999106012e-05 0.000000000000000000e+00 9.514196412628322719e+00 5.314609629765755516e-02
1.000000000000000048e-04 1.769643662938778697e-18 9.414376088187099256e+00 5.314609652937728190e-02
9.999999999999997769e-05 1.052010251498096423e-24 9.424790209698615584e+00 5.314608983193082337e-02
9.999999999999997769e-05 1.052010251498096423e-24 9.424790209698615584e+00 5.314608983193082337e-02
