-3.337984941685900181e-02
-1.620785449278645540e-01
-2.589328170589679790e-01
-2.907515777987864647e-01
-2.996977796384493464e-01
-3.026672926222059301e-01
-3.164529902471965306e-01
-3.246378085120805168e-01
-3.263853740916288215e-01
-3.277592775907182676e-01
-3.308747271357108111e-01
-3.329669722098612117e-01
-3.442962186632189114e-01
-3.516754503885900496e-01
-3.574474685582230138e-01
-3.596027720229277858e-01
-3.611710709181527590e-01
-3.618908289499230824e-01
-3.645335760849436335e-01
-3.677621586488421523e-01
-3.797145061290920776e-01
-3.905996768246415840e-01
-3.964614783919138130e-01
-4.009175210948678902e-01
-4.071880911170567829e-01
-4.110614142140855964e-01
-4.153999004103396953e-01
-4.159219504706979653e-01
-4.166862453829210944e-01
-4.177524600506117847e-01
-4.186418380633578629e-01
-4.194209332626556708e-01
-4.200704917208920586e-01
-4.207096254003513947e-01
-4.217170397427176809e-01
-4.234071030854242856e-01
-4.264859610506758769e-01
-4.300361064759022911e-01
-4.315341466553332395e-01
-4.325952302475851163e-01
-4.329472632193914206e-01
-4.338728540027486646e-01
-4.364889605224543390e-01
-4.382749238524619173e-01
-4.392175372248491305e-01
-4.394069173868488387e-01
-4.396133840038268237e-01
-4.396213097759228416e-01
-4.396236139667675236e-01
-4.396236139667675236e-01
