1.941707196930143819e+00
1.450176636379094885e+00
1.692372479870170865e-01
-2.248403387861252767e-01
2.827960352952769152e-01
-4.187119662002752873e-01
-5.086601908367615055e-01
-6.660369567958953629e-01
-1.241531386648719593e-01
-8.261096317881123641e-01
-9.757056523094843614e-01
-1.072455239400029070e+00
-1.066395719676229481e+00
-1.170784185003063360e+00
-1.207368278009390394e+00
-1.229434851701634912e+00
-1.262430012799691470e+00
-1.310639912045709510e+00
-1.333941373263476393e+00
-1.361313271862460761e+00
-1.385833314419993467e+00
-1.405656642815577895e+00
-1.420659626468331327e+00
-1.440956983174220163e+00
-1.450259708209985732e+00
-1.468233754820039927e+00
-1.493394571211788646e+00
-1.515853258174412632e+00
-1.518041631724807550e+00
-1.536592292904894741e+00
-1.546917627023092434e+00
-1.556045217020048055e+00
-1.565774609141806106e+00
-1.571174451504095737e+00
-1.574358338171902405e+00
-1.576683619780541612e+00
-1.580141529998815519e+00
-1.583287395133527786e+00
-1.585929574356038207e+00
-1.588588630602535412e+00
-1.591763451951457409e+00
-1.596107010036950324e+00
-1.599839816228273426e+00
-1.604673714900292536e+00
-1.613281189009126759e+00
-1.621087575279219095e+00
-1.624686844563748345e+00
-1.624214070580973335e+00
-1.629707552874938514e+00
-1.632258383611586039e+00
-1.633650425501190107e+00
-1.634890975203039387e+00
-1.635676375659981918e+00
-1.636176006413147199e+00
-1.636635361839957614e+00
-1.637158431437502726e+00
-1.637639404390780928e+00
-1.638119015832587344e+00
-1.638496819888492162e+00
-1.638955731512450553e+00
-1.639584146376065865e+00
-1.640383242629512850e+00
-1.641035944503817845e+00
-1.641493580548142539e+00
-1.641924431006893226e+00
-1.642642588256473246e+00
-1.643717104744376378e+00
-1.644818142592704202e+00
-1.645786492366589471e+00
-1.647123103815779199e+00
-1.648831986778589442e+00
-1.650377820731529832e+00
-1.646106030837996004e+00
-1.652853207490492693e+00
-1.653815959320707796e+00
-1.654971151333776591e+00
-1.656279194417687339e+00
-1.657233590476358209e+00
-1.657805716223358150e+00
-1.658464231535066613e+00
-1.659351928424379619e+00
-1.660257064983281516e+00
-1.661062890742932341e+00
-1.661582497537423375e+00
-1.662328881866753427e+00
-1.662964989611215527e+00
-1.663567070179179375e+00
-1.664085465747130677e+00
-1.664741394571730426e+00
-1.665126548853689936e+00
-1.666187508017655139e+00
-1.666037865173916055e+00
-1.668000025229037231e+00
-1.668996415925229071e+00
-1.670334623099015481e+00
-1.670962263144968984e+00
-1.672568287922131969e+00
-1.673444684315146258e+00
-1.674135282385466272e+00
-1.674777896578635961e+00
-1.674777896578635961e+00
