<<<<<<< HEAD
1.816243502127060871e+00
-2.747644678349474290e-03
-1.571616266641018278e-01
3.838578324197712555e-02
-2.754001391704017365e-01
-1.044142283699250745e-01
6.674398025382224930e-02
-6.101936825062852510e-01
-6.941188233426199838e-01
-7.335105951547167269e-01
-7.370212731248266813e-01
-7.376792787678820851e-01
-7.384445413049036677e-01
-7.386005230373883235e-01
-7.387991307119140538e-01
-7.388925363454267314e-01
-7.389378130011267087e-01
-7.389427892301310141e-01
-7.389427892301309031e-01
=======
3.283930091527693107e-01
-2.332998713457517526e-01
-3.454046875493313462e-01
-1.403076623736442263e-01
-5.525377224116386765e-01
-6.699405496321149123e-01
-6.911786365559644540e-01
-6.913088326965257657e-01
-6.913088326965258767e-01
>>>>>>> 7b06333 (wip)
