2.004318249730282275e+00
1.879647734787921687e+00
7.471287213520174664e-01
1.564959473286982039e+00
-3.863227870669366237e-01
-3.576954686959078478e-01
-5.458179324600219706e-01
-5.767458732853695258e-01
-6.121902703704656945e-01
-6.295665713886480219e-01
-6.242366246499645444e-01
-6.605075657395724775e-01
-6.676589267437845754e-01
-6.707483517286747521e-01
-6.783517434709938065e-01
-7.013817030769174954e-01
-7.141851924324198464e-01
-7.531606501393204312e-01
-7.706275835729538004e-01
-8.027223036022492764e-01
-8.143975400813818766e-01
-8.334919407096962329e-01
-8.586469234508281589e-01
-8.663389436595617665e-01
-8.720398046710446938e-01
-8.782077008749954450e-01
-8.905122153770059779e-01
-8.925982120200622871e-01
-8.953944515496067291e-01
-8.916225964930122316e-01
-8.961021040527353820e-01
-8.967315585707696934e-01
-8.969185167559791116e-01
-8.973218273812071377e-01
-8.974735553146536704e-01
-8.976224159877363995e-01
-8.977055661977696444e-01
-8.977532430120924722e-01
-8.977793347309229732e-01
-8.977990388348283668e-01
-8.978096083534368166e-01
-8.978129483925592069e-01
-8.978129483925594290e-01
