2.000877582440169888e+00
1.842331702834038243e+00
1.280078156256366340e+00
1.012964377172980379e+00
-3.560394380173542705e-01
-4.356548230311296233e-01
-4.588035235946941182e-01
-2.916840526941120726e-01
-5.445659974641513523e-01
-6.077616284665523505e-01
-6.681819508133243213e-01
-6.793768656812330109e-01
-6.854016199443034862e-01
-6.935891283499090454e-01
-6.983334597845541891e-01
-7.020293734749625258e-01
-7.048192265946124913e-01
-7.058808031186457610e-01
-7.070350962089052560e-01
-7.075774090650476245e-01
-7.078572201335814329e-01
-7.083020336006272677e-01
-7.088350680885704413e-01
-7.096978546682721767e-01
-7.106561912207954856e-01
-7.111482082922592207e-01
-7.113383464953810797e-01
-7.116406302810777129e-01
-7.120170052818510786e-01
-7.127387806185924157e-01
-7.137334669054622438e-01
-7.147660894368750295e-01
-7.163372390770548215e-01
-7.179731759421489334e-01
-7.156474326913179196e-01
-7.210994594292828852e-01
-7.232655431360752729e-01
-7.220774781368421991e-01
-7.248920871725730297e-01
-7.255473361112652064e-01
-7.258145464047738304e-01
-7.264879197992141213e-01
-7.273112476711395269e-01
-6.197860695892103422e-01
-2.699425305691939836e-01
-7.298496668402436605e-01
-7.306526063416584060e-01
-7.314473402941595870e-01
-7.310250364955154234e-01
-7.324046683166022254e-01
-7.328862461120877470e-01
-7.339262161894573033e-01
-7.350070791235846501e-01
-7.314029920143595431e-01
-7.376400527184486799e-01
-7.466741562761445294e-01
-7.374217382131149634e-01
-7.450073284246654381e-01
-7.603761994936916180e-01
-7.608145302461000181e-01
-7.617604931337736973e-01
-7.621280274470788596e-01
-7.623015487617570418e-01
-7.623534286466444598e-01
-7.623591314427831112e-01
-7.623609996883936590e-01
-7.623631253545898323e-01
-7.623646478626208145e-01
-7.623646478626205925e-01
