1.969544507729366734e+00
1.229604180003027736e+00
-1.529202950295136532e-01
5.566130772218287337e-01
-3.504915145919485497e-01
-4.653380852111859700e-01
-5.862234902436519457e-01
-7.659951382508489726e-01
-8.346765737649297634e-01
-9.266696139573709079e-01
-9.867592611087978582e-01
-1.030955644893459588e+00
-1.067593422482513876e+00
-1.096551710366986621e+00
-1.133299611077542846e+00
-1.161616629538373635e+00
-1.179965141538345863e+00
-1.186726081644754238e+00
-1.198929980416471919e+00
-1.209601720541134462e+00
-1.225134786683431676e+00
-1.237684214757826640e+00
-1.248613939690617958e+00
-1.256531039239338288e+00
-1.262728000813975182e+00
-1.260078017574521647e+00
-1.268745234595252569e+00
-1.271359415496074785e+00
-1.272562141663103219e+00
-1.274107901112585095e+00
-1.275262460358693284e+00
-1.276752904788554188e+00
-1.278115256760762097e+00
-1.279640852262943662e+00
-1.282557622677906073e+00
-1.286615355032733277e+00
-1.287962245400359862e+00
-1.288203403803793723e+00
-1.289026469202713132e+00
-1.289327596414769683e+00
-1.289549153954999028e+00
-1.289792434529187126e+00
-1.289973390032779221e+00
-1.290160164344523519e+00
-1.290321024701271080e+00
-1.290462609421890505e+00
-1.290635804201759829e+00
-1.290831615436940805e+00
-1.290991009955650304e+00
-1.291102408467485141e+00
-1.291183828966337988e+00
-1.291258104687809771e+00
-1.291332778703921047e+00
-1.291395514353276264e+00
-1.291443122855196357e+00
-1.291480866992890997e+00
-1.291518714474661156e+00
-1.291564407865017694e+00
-1.291620496940518725e+00
-1.291692939347278468e+00
-1.291796809678055213e+00
-1.291996292918955680e+00
-1.288742107816053251e+00
-1.273503243125875040e+00
-1.278034597492300861e+00
-1.291568433137258998e+00
-1.293454307808575399e+00
-1.294325444209212694e+00
-1.292702964273428679e+00
-1.296648908601070627e+00
-1.298755979549248041e+00
-1.302746404424240723e+00
-1.304662259164935278e+00
-1.306622641332647161e+00
-1.307113559774587097e+00
-1.308186233163726842e+00
-1.309069508065506149e+00
-1.309737471384867957e+00
-1.310905178485451072e+00
-1.311969798109467122e+00
-1.312747438046944159e+00
-1.313442852152403528e+00
-1.314078185622259198e+00
-1.314581754205703001e+00
-1.315330412678990868e+00
-1.316103858929389414e+00
-1.316875982460413486e+00
-1.317403075354651287e+00
-1.317790168378821347e+00
-1.318209477418661679e+00
-1.318747071002424054e+00
-1.319371194036744299e+00
-1.319747463580816182e+00
-1.320509290411780334e+00
-1.321523223067627706e+00
-1.322923487448297575e+00
-1.324539479850110446e+00
-1.325686695817196892e+00
-1.326175201981348417e+00
-1.326909821066565742e+00
-1.326909821066565742e+00
