<<<<<<< HEAD
7.906947061958969902e-01
1.740284375061378119e+00
-4.248694173607523439e-01
1.047263314450080085e-01
3.837438632878124867e-02
-6.113196607294331120e-01
-6.866532815070635065e-01
-7.101231109498086225e-01
-7.339594150859418686e-01
-7.361471849056753225e-01
-7.383309317542515737e-01
-7.387127431251772069e-01
-7.388646645517289446e-01
-7.389247836111332290e-01
-7.389428338563072129e-01
-7.389428338563073240e-01
=======
1.969572575267989623e-01
-2.055157476415692130e-01
-4.552626159970118297e-02
-6.639322619375016832e-02
-3.811598321160769576e-01
-3.841356483686006462e-01
-3.851517814093511904e-01
-3.857129463734977337e-01
-3.857188187039720106e-01
-3.857188187039719551e-01
>>>>>>> 7b06333 (wip)
