4.373073422003921282e-03 1.000000000000000000e+00 9.182032272587294097e-02 9.775322843711539700e-02
5.030304037619766008e-03 9.999999999999998890e-01 1.462097547985123924e-01 9.775322843711539700e-02
8.839264017173619620e-03 1.000000000000000000e+00 5.783284455483441722e-01 9.775322843711539700e-02
1.000000000000000021e-02 8.617219770202912965e-01 9.061207705036327553e+00 9.775315404040417488e-02
1.000000000000000021e-02 8.637535131583717884e-14 4.220618588145592298e+01 9.775293018327643746e-02
1.000000000000000021e-02 4.054388327363639966e-01 9.497418755288380865e+00 9.775314278486579855e-02
9.999999999999960310e-03 0.000000000000000000e+00 9.366448840951292709e+00 9.775313068782849613e-02
1.000000000000000021e-02 1.706027401404335771e-18 9.452041123404901768e+00 9.775312694250037904e-02
9.999999999999998473e-03 1.150555277663362535e-08 9.424769734473345650e+00 9.775313202556391856e-02
9.999999999999998473e-03 1.150555277663362535e-08 9.424769734473345650e+00 9.775313202556391856e-02
