1.879407354396332330e+00
-1.791426172124749583e-01
1.225450124319772682e-01
-3.297712158649930836e-01
-4.176355675571307158e-01
-5.140078315176733748e-01
-2.993045421245217885e-01
-5.768815448804225365e-01
-6.742589301711425787e-01
-7.164964019156754294e-01
-7.535045736985070963e-01
-8.148305638403060547e-01
-8.492381628018182971e-01
-8.799720635049748108e-01
-8.920087759268641170e-01
-9.261615357556981509e-01
-9.556913504958267636e-01
-9.838754749363705088e-01
-1.001196175483642925e+00
-1.009173967583213427e+00
-1.016706582853665886e+00
-1.020637799589641848e+00
-1.025068288806002093e+00
-1.034220039932520541e+00
-1.041224225613437415e+00
-1.049179082650644856e+00
-1.057002932072218071e+00
-1.067588586101258841e+00
-1.076372815327909294e+00
-1.087155039032385861e+00
-1.105135442138750479e+00
-1.140311076207135788e+00
-1.157477384444563828e+00
-1.183927449635461704e+00
-1.199305046789991280e+00
-1.207260359254920701e+00
-1.243504187457199706e+00
-1.262478592045267023e+00
-1.271815385887589578e+00
-1.276927825402901728e+00
-1.289924384250046296e+00
-1.298077382700261850e+00
-1.309296110743038755e+00
-1.315244062650447132e+00
-1.321066427367669105e+00
-1.324596059186839758e+00
-1.327525397045948186e+00
-1.331246518335696072e+00
-1.334294700385854293e+00
-1.338784139151664165e+00
-1.341510501185440685e+00
-1.344426852434964736e+00
-1.346346051233221264e+00
-1.347788447477780371e+00
-1.350408934428391383e+00
-1.354191225372896268e+00
-1.360313984550112654e+00
-1.366811446885641823e+00
-1.372475013545141787e+00
-1.373430475145542617e+00
-1.380242485050037882e+00
-1.383153996998760515e+00
-1.385466603389838181e+00
-1.386625784851515997e+00
-1.388162772127843336e+00
-1.389487273666606626e+00
-1.390912343953162988e+00
-1.391870450881703469e+00
-1.392366982598342462e+00
-1.392787266684400338e+00
-1.393210150998004160e+00
-1.393513082016738291e+00
-1.393614129713323102e+00
-1.393683072487957642e+00
-1.393777534749869318e+00
-1.393892761606744024e+00
-1.394041541267373452e+00
-1.394261228552482912e+00
-1.394576258821115466e+00
-1.394928486856548799e+00
-1.395233345065059138e+00
-1.395423160145367936e+00
-1.395479509366061244e+00
-1.395518023932657226e+00
-1.395544458559403234e+00
-1.395588523421725791e+00
-1.395634296433614807e+00
-1.395729558690371741e+00
-1.395852903286318947e+00
-1.396103972480097433e+00
-1.396738263242589095e+00
-1.398182474328599989e+00
-1.398683279039812932e+00
-1.398829074170532483e+00
-1.398972354355834113e+00
-1.399116618547882940e+00
-1.399323308188951565e+00
-1.399670840457159171e+00
-1.400032998154807862e+00
-1.399840703300555322e+00
-1.400218015842054964e+00
