2.088159377971289032e+00 2.915835087669763848e+00 1.512191582570929338e+00 3.290941286477040428e-01 8.900362196972376461e-02 2.770167184070838895e-02 7.474301141480158006e-02 3.145882354878561105e-02 1.487252268507186642e-02 7.537373011275151635e-02 2.456673774256885878e-02 6.519304616388986451e-02
1.713032936419444985e+00 1.713032936419441210e+00 1.713032936419445207e+00 1.713032936419447205e+00 2.761478716473818595e-01 8.408742737964881864e-02 2.154868481753225151e-01 1.221912788023866853e-01 8.468252572729292882e-02 2.070770025746426768e-01 7.887942883506000868e-02 2.531895677560300761e-01
1.150450338767694092e+00 1.150450338767693870e+00 1.837293406456536715e+00 2.679206477943945064e+00 8.792271084902055778e-01 2.755802953912205866e-01 7.420456235351140517e-01 5.330320818180598330e-01 4.337129876134565576e-01 7.024253623810943203e-01 2.523206835258711700e-01 8.268022432934846178e-01
1.421085471520200372e-14 1.665334536937734811e-14 2.121536856506826219e+00 2.999999999999976907e+00 2.060970366811342824e+00 5.266589243254340413e-01 1.590239733416665580e+00 1.170822270856358482e+00 9.218444837484787158e-01 1.595657952998743578e+00 8.225168472637323092e-01 2.009009816578503305e+00
9.552254517133227374e-01 9.552254517133227374e-01 2.009238498275709439e+00 3.000000000000000000e+00 1.159398057165002438e+00 4.047306577062184663e-01 8.610701557095968850e-01 6.430261317477239391e-01 5.843667260702247734e-01 8.525749901480382809e-01 5.807574483815700628e-01 1.186144292345191698e+00
1.069610529366536777e+00 1.780389898976869834e+00 2.606147497024361215e+00 2.606147497024361215e+00 1.524909738357415501e+00 8.726536587561380953e-01 3.950923990417717913e-01 4.640763731921263568e-01 9.380681289613284068e-01 6.791347959581314209e-01 2.380637275566300559e+00 2.152905085556572562e+00
9.031252582229305492e-01 1.121821620314907841e+00 2.099213994535180206e+00 3.000000000000000000e+00 1.262414128554647075e+00 5.683035437530635781e-01 6.737646600100771765e-01 5.879209802480575009e-01 7.488617092792057006e-01 8.120629547718257735e-01 1.216847349688485735e+00 1.447548193368739744e+00
6.158409549838058661e-01 9.273908299795873278e-01 1.722826933501705238e+00 3.000000000000000000e+00 1.263797936668569877e+00 6.964442235101589995e-01 4.105259512534521482e-01 5.496975692282282111e-01 9.752002279267116824e-01 8.550225204277360769e-01 1.772893192736051837e+00 1.345984619079102940e+00
7.401452953628261389e-01 1.080106594378683171e+00 1.873329105780463744e+00 3.000000000000000000e+00 1.268057960039852494e+00 6.802558280963907356e-01 4.011221749967708305e-01 5.438494031492329128e-01 9.643099244464801156e-01 8.602917990382633606e-01 1.742747551916117077e+00 1.390401274516852803e+00
7.440353020699872477e-01 1.127732921224329665e+00 1.817430723006506765e+00 3.000000000000000000e+00 1.279688940830346455e+00 7.096327968989784019e-01 2.735433820109176017e-01 5.596850777632053076e-01 1.042556696386229387e+00 8.996988932105155490e-01 1.894597167467423571e+00 1.304697263246981320e+00
7.349861438716573936e-01 1.198398670039747094e+00 1.728028844262029295e+00 3.000000000000000000e+00 1.339894755495123713e+00 7.553079276950903642e-01 -1.530655458706647876e-02 6.453049049524951508e-01 1.179972766537365159e+00 9.972897974167627133e-01 2.161147423995001926e+00 1.102375463971131175e+00
7.328733868807493224e-01 1.210460791173652906e+00 1.768168548824113895e+00 2.998022532119913652e+00 1.375704470787026068e+00 7.488898911006289794e-01 -7.064316586007154952e-02 6.954888905424688739e-01 1.162378666964133389e+00 1.013106572016781115e+00 2.135369868349700884e+00 1.091363901826134963e+00
6.524346760023582714e-01 1.297091338842679242e+00 1.982391272249979908e+00 2.930702322039241192e+00 1.690739370389534812e+00 7.263960466262168181e-01 -6.418075509909605403e-01 1.136251570641510611e+00 1.071189431285273885e+00 1.190456131034169029e+00 2.068671232600124643e+00 9.576181606882947506e-01
6.374491235785437748e-01 1.273125115694809795e+00 1.921330143332767193e+00 2.976932515791805400e+00 1.618612013161446317e+00 7.203898616300585811e-01 -4.166028224118983325e-01 1.023864900239525477e+00 1.070845867084140535e+00 1.141049433749170561e+00 2.059055710425183872e+00 1.084046660822117980e+00
6.324700957698937698e-01 1.315362841607153666e+00 1.914567228558152312e+00 2.951920172326155001e+00 1.652210700427196199e+00 7.003854898825866426e-01 -4.505838214748310033e-01 1.120676092908052368e+00 1.051607550761017418e+00 1.203675975085993999e+00 2.028871784723266458e+00 1.091468419342850549e+00
4.314049141281725008e-01 1.598345474639130792e+00 1.896093999014570430e+00 2.968121077922793116e+00 2.001950962467148543e+00 6.048282709458663309e-01 -9.058668102935878430e-01 1.942944290960395781e+00 9.248088577393416276e-01 1.717531886393140139e+00 2.036756332048881735e+00 1.229062822919111397e+00
5.235783383809028413e-01 1.497038161215177299e+00 1.863300021252499050e+00 2.995584013727606632e+00 1.871425461216036368e+00 6.316406079134577745e-01 -6.967050371754588411e-01 1.623588844296179445e+00 9.299744790175831222e-01 1.536665784235232701e+00 2.019341372468238749e+00 1.200076008558612406e+00
5.362294456140427323e-01 1.544122688395713983e+00 1.827166042655497424e+00 3.000000000000000000e+00 1.919515661649628946e+00 6.240352581855491687e-01 -7.148355812518930597e-01 1.645849565643968448e+00 8.464312619540809157e-01 1.593544491561993182e+00 2.042670952138348817e+00 1.228726234322748967e+00
5.521668094262212056e-01 1.734991884799946593e+00 1.734991884799946593e+00 3.000000000000000000e+00 2.116703989227461058e+00 5.977185233626507443e-01 -7.936725266373677590e-01 1.715665889628672280e+00 4.404627057120572564e-01 1.839473430822621491e+00 2.119527186460618218e+00 1.359691927554611768e+00
5.816587352056694638e-01 1.728483743589771970e+00 1.728483743589771970e+00 3.000000000000000000e+00 2.088042775118088556e+00 5.781823399612727732e-01 -6.795922444487900727e-01 1.598959711429315478e+00 2.911813304726094120e-01 1.854379193848056495e+00 2.083755189877379177e+00 1.415171412397139949e+00
5.844255630990362604e-01 1.731305624302401425e+00 1.731305624302401425e+00 3.000000000000000000e+00 2.038695018704181017e+00 5.707036134136218575e-01 -6.768455922452619733e-01 1.555953535051030512e+00 2.531105339264467236e-01 1.913035601180460565e+00 2.107182387721136863e+00 1.427635733321442002e+00
5.949377035202774167e-01 1.717812152611205345e+00 1.717812152611204901e+00 3.000000000000000000e+00 1.936141062877013042e+00 5.566353668387261644e-01 -6.486188955959127922e-01 1.453679928831002499e+00 2.070477171635311253e-01 1.987911285008525875e+00 2.150146644782675143e+00 1.465745977774528530e+00
5.900492053435377748e-01 1.714050368223063892e+00 1.714050368223063892e+00 3.000000000000000000e+00 1.932333831583201045e+00 5.562901946756473315e-01 -6.570177654874789219e-01 1.449494784279838022e+00 2.276258208501025782e-01 1.985009936925384189e+00 2.164858652555222918e+00 1.481910187978609850e+00
5.933901768125670051e-01 1.703361737053455061e+00 1.703361737053454394e+00 3.000000000000000000e+00 1.926816813450182186e+00 5.477917277356159076e-01 -6.698040763352991478e-01 1.430776250295938690e+00 2.358108126973043894e-01 1.992885243395297268e+00 2.180492478276500723e+00 1.521497394613317677e+00
6.042853983574448806e-01 1.694548190407914046e+00 1.694548190407914046e+00 3.000000000000000000e+00 1.927840573013243297e+00 5.350916639818081855e-01 -6.868753965261262806e-01 1.406680547279947735e+00 2.329632981112492451e-01 2.004259884596752972e+00 2.195420973677874255e+00 1.558863370950960503e+00
6.145563371761378901e-01 1.690457323377993815e+00 1.690457323377993815e+00 3.000000000000000000e+00 1.936295290000320080e+00 5.195359501712624173e-01 -7.058118194250614374e-01 1.395136248867128836e+00 2.231540792996467570e-01 2.017309489283816593e+00 2.202674448539920782e+00 1.582083025054481284e+00
6.188509207995670502e-01 1.690726867309778170e+00 1.690726867309778392e+00 3.000000000000000000e+00 1.944000725174861000e+00 5.066686053067107620e-01 -7.172511620281422084e-01 1.393189168410524648e+00 2.183774736329230914e-01 2.022780426160617040e+00 2.206103129701757926e+00 1.587011540651142250e+00
6.214350681156138867e-01 1.692809666919463218e+00 1.692809666919462774e+00 3.000000000000000000e+00 1.957246335887383948e+00 4.796838189032723299e-01 -7.344669141739567086e-01 1.395912624768643528e+00 2.115808574910603146e-01 2.029769271128921027e+00 2.209328154307502068e+00 1.589498303412493874e+00
6.220121158713257659e-01 1.697672390309599377e+00 1.697672390309599599e+00 3.000000000000000000e+00 1.984198474095167697e+00 4.102725140689740813e-01 -7.697366110364276537e-01 1.403026299272870148e+00 2.009300103860368336e-01 2.040197938633767194e+00 2.216243050483253096e+00 1.592214538064484541e+00
6.144824656827521103e-01 1.709981045009569156e+00 1.709981045009569156e+00 3.000000000000000000e+00 2.051380606338613077e+00 2.187308711665186811e-01 -8.579787652898230865e-01 1.424960250371047676e+00 1.768306055829239609e-01 2.060953411067549368e+00 2.230678509592535441e+00 1.601633001545748280e+00
5.937954782218872740e-01 1.724707080511311164e+00 1.724707080511310942e+00 3.000000000000000000e+00 2.130849224821202981e+00 4.110457888397478499e-03 -9.576562296903968763e-01 1.455146015155349914e+00 1.545777331849096103e-01 2.071229915661455756e+00 2.245286443345370309e+00 1.616408568494659415e+00
5.912731121702472503e-01 1.718332128057126429e+00 1.718332128057126651e+00 3.000000000000000000e+00 2.097316736114192892e+00 1.001557277006076135e-01 -9.115891335610311064e-01 1.443769161308218196e+00 1.696486163579599138e-01 2.051175894531012123e+00 2.238230606025574332e+00 1.611565103408902022e+00
5.838624348143631737e-01 1.716552058394731572e+00 1.716552058394731572e+00 3.000000000000000000e+00 2.099108317533449064e+00 8.370054476951638289e-02 -9.161379940976053238e-01 1.442100615791662932e+00 1.733343307014141299e-01 2.038146163106973940e+00 2.235304570553920289e+00 1.615021411366243997e+00
5.796330202671173826e-01 1.715134544769137293e+00 1.715134544769137070e+00 3.000000000000000000e+00 2.095967238737222793e+00 6.431098358776721202e-02 -9.191795058202000268e-01 1.436670818967075380e+00 1.761409764311177850e-01 2.028217242061080228e+00 2.229606879824081567e+00 1.617192399427089811e+00
5.789939247956573665e-01 1.714840264037782891e+00 1.714840264037782891e+00 3.000000000000000000e+00 2.090025997628994325e+00 6.164824323559663088e-02 -9.161578032262507332e-01 1.433800104476188109e+00 1.788521137173219033e-01 2.023549617213770357e+00 2.223887087322294231e+00 1.615302684605900208e+00
5.791918945048731837e-01 1.715005196967529288e+00 1.715005196967528622e+00 3.000000000000000000e+00 2.085115374474943106e+00 6.556745686218115599e-02 -9.121307123433256558e-01 1.433179084444676121e+00 1.807550174328516057e-01 2.021709975065433706e+00 2.220053934994206557e+00 1.612599815750206833e+00
5.791918945048731837e-01 1.715005196967529288e+00 1.715005196967528622e+00 3.000000000000000000e+00 2.085115374474943106e+00 6.556745686218115599e-02 -9.121307123433256558e-01 1.433179084444676121e+00 1.807550174328516057e-01 2.021709975065433706e+00 2.220053934994206557e+00 1.612599815750206833e+00
