4.610386158759383068e-01 8.126808322923185557e+00 3.918519402365773507e-02 6.075312040814456055e-02 8.159311177840933293e-02 4.444050987229142789e-03 6.647769166359068782e-02 2.715683980919171570e-02 8.648178634955500099e-02 3.450727544862670915e-02
4.536378647620467053e-01 8.126939661757948130e+00 7.890051389556020089e-02 5.885360978612002442e-02 2.691892242681096503e-01 4.616427619919572477e-03 1.398816163671887103e-01 2.699197336174298523e-02 2.753336792977056358e-01 3.496185027200622575e-02
7.837543474798469578e-02 8.120107826210558599e+00 4.131586568681778759e-01 -4.899582777974573200e-04 3.402872127974939431e+00 5.019743866771167115e-03 9.691382561587693623e-01 2.883782951275625644e-02 3.431823807169254170e+00 5.074975992302813849e-02
1.526556658859590243e-16 8.232244008946693725e+00 4.747392654452768035e+00 -5.067703980823009546e-01 3.186941100615185007e+01 -1.738653725281519291e-02 1.104966671384334198e+01 2.310154932885737783e-02 3.046580213418294747e+01 2.811185188175968075e-01
2.081668171172168513e-17 8.337335404791955895e+00 1.669243992549994227e+00 -1.116612514178511040e-01 1.165533653765278288e+01 4.475909662829286040e-02 3.995836507018684980e+00 -3.826528251188794638e-03 1.163482423063926419e+01 1.372331976887204430e-01
0.000000000000000000e+00 8.392796113525015755e+00 1.671133178872408864e+00 -4.971114650979997773e-02 1.128714611356710229e+01 8.154371018359143908e-02 3.875473226072609911e+00 -5.666460200938490399e-02 1.116270402885179358e+01 1.762937628053978245e-01
8.516869129189838760e-17 8.420735717704936008e+00 1.720272473743676755e+00 7.049975253787812979e-02 1.123438183530402057e+01 2.002575817323545004e-01 3.918812546168279010e+00 -1.641952016663733027e-01 1.115743617126141274e+01 2.457315285100765134e-01
8.516869129189838760e-17 8.579404687942105312e+00 2.283410209748249375e+00 1.336049096559576155e+00 1.147848985404883138e+01 1.257454650751955061e+00 4.557802874201154708e+00 -1.235627562029414372e+00 1.156141110077526690e+01 8.953163609668632894e-01
2.460652084307429111e-19 8.454566777365462471e+00 2.143934259224252958e+00 1.044274345914317781e+00 1.170366866232407155e+01 9.320545801996262814e-01 4.516320224917581783e+00 -9.281974037069657957e-01 1.162047292385439334e+01 6.977417314850522523e-01
4.688969855196539055e-02 8.388429217999897602e+00 2.110790898100812107e+00 8.578056699006630925e-01 1.175538559651415405e+01 7.805839332892396953e-01 4.483008553980948996e+00 -7.450529363020903517e-01 1.165479232290987710e+01 5.789312255228628024e-01
2.762841876080027737e-01 8.371714083588036814e+00 2.246145447745649726e+00 9.622601576370122256e-01 1.206058058315026571e+01 8.215885027268232665e-01 4.634427436202980921e+00 -6.447338214468318895e-01 1.184263481583865563e+01 4.821083199090546167e-01
3.791841321510308060e-01 8.345326265377625674e+00 2.387703427462370076e+00 1.037725274806773346e+00 1.210394581188975849e+01 8.800306530125695526e-01 4.699788848670005237e+00 -6.274564500323693839e-01 1.187081575323185767e+01 4.405388094827344947e-01
4.178185541252665836e-01 8.356142256850066730e+00 2.550136928761674415e+00 1.144030940251840933e+00 1.222824158071257372e+01 9.868263056183227411e-01 4.851194970436798037e+00 -6.891406583920948181e-01 1.202490085220671823e+01 4.509977306586099854e-01
3.867096313403217134e-01 8.330043545111040615e+00 2.700234441361905713e+00 1.179199726711640528e+00 1.222624909560886231e+01 1.059313688302500722e+00 4.973750233122199660e+00 -7.191088436769212944e-01 1.209430757022947667e+01 4.351628793406905338e-01
3.363304560089271367e-01 8.322842092661637992e+00 2.781420865995866798e+00 1.165611251401419413e+00 1.221997724947412856e+01 1.110620736846643641e+00 5.086899380637304624e+00 -7.029582942166499038e-01 1.215479407960287617e+01 4.066034259919962812e-01
2.922397857796114051e-01 8.329505504710668973e+00 2.785423973848757395e+00 1.118890412477938412e+00 1.218645600007137020e+01 1.135502840305304462e+00 5.164734610183780994e+00 -6.379026962933506129e-01 1.216983163009545521e+01 3.667113564371199952e-01
2.657164843985346248e-01 8.344528711328443649e+00 2.786647983240415627e+00 1.080552216473323224e+00 1.213668161782888966e+01 1.174718123758773380e+00 5.259445296560715022e+00 -5.363424796396760730e-01 1.217312143747980002e+01 3.130491647957334700e-01
2.638666658362359141e-01 8.354591333866274283e+00 2.772956632567703306e+00 1.087160617559394638e+00 1.210173058393835710e+01 1.201062119253180294e+00 5.292368115200957845e+00 -4.887369272693158351e-01 1.216261602528555308e+01 2.993209494138176496e-01
2.669099982625021128e-01 8.369652122145717854e+00 2.741978904111825432e+00 1.128251962796396279e+00 1.205019863739972052e+01 1.240823385757080066e+00 5.311137120031393266e+00 -4.462348390741961435e-01 1.214189439220030131e+01 3.058899960338262169e-01
2.686725830430415352e-01 8.379249154967590485e+00 2.718845117684526969e+00 1.171433217171885532e+00 1.202232818841269157e+01 1.265640081301443676e+00 5.301065694622697499e+00 -4.385488532076603496e-01 1.213216334441169941e+01 3.300668808294771051e-01
2.671918482148861740e-01 8.380586435058587469e+00 2.724216079382788092e+00 1.192597242268953694e+00 1.202572266805956325e+01 1.279137649512441577e+00 5.294030701629737656e+00 -4.429505544334843559e-01 1.214585071917168690e+01 3.470578066951905960e-01
2.616541140506215002e-01 8.380399314656001408e+00 2.746179572438597116e+00 1.222685582524944303e+00 1.204309076026787650e+01 1.310919600420736186e+00 5.286945395039969853e+00 -4.360965268731338829e-01 1.218825457191469930e+01 3.724008860325248582e-01
2.530775158655295676e-01 8.379898327634478505e+00 2.772059666873349038e+00 1.255941633576670213e+00 1.206180942158825964e+01 1.362713730844502535e+00 5.276588303242891520e+00 -3.994050479209307891e-01 1.224834339627738800e+01 3.979983240683209189e-01
2.335063247089289307e-01 8.379685491267352404e+00 2.802164472006429818e+00 1.301821336633353976e+00 1.207837898249553810e+01 1.461570146816460802e+00 5.248624118777325265e+00 -2.989688022083374919e-01 1.234568850973602494e+01 4.300358823361263849e-01
2.013046599384156476e-01 8.381778283360235449e+00 2.809913978112208444e+00 1.337069791581614542e+00 1.206854993307588053e+01 1.580177515813125266e+00 5.202625327280972378e+00 -1.462585749230130849e-01 1.243562988245369993e+01 4.490990563399684388e-01
1.745033576735720293e-01 8.382387906483154794e+00 2.800034181588920923e+00 1.338020654007516574e+00 1.205057012768656932e+01 1.657147256860210582e+00 5.166283085938412789e+00 -3.292605053796404668e-02 1.247875274896584763e+01 4.402506779242565949e-01
1.707932737303635151e-01 8.378923663598056848e+00 2.805018529248380688e+00 1.325668446127121758e+00 1.205931239507888364e+01 1.677906734198186145e+00 5.160183824389148022e+00 -1.624275239861053960e-02 1.249388054988722097e+01 4.241296703737878482e-01
1.726933659205969473e-01 8.375773598304483869e+00 2.803427980216514737e+00 1.300631622540882493e+00 1.206562476428048925e+01 1.698394885769758611e+00 5.159049201088896197e+00 -2.934881598450366641e-02 1.249276339669360070e+01 3.876793491194412411e-01
1.818478103443395555e-01 8.373365232080361764e+00 2.816007382563129546e+00 1.289157384282067831e+00 1.208139175213250027e+01 1.746825941623241230e+00 5.150634711712767988e+00 -5.580528391693474755e-02 1.251521141277000382e+01 3.516667887772746415e-01
2.086161207470213774e-01 8.369400616464888643e+00 2.830062557833288750e+00 1.288525275750615151e+00 1.209416035071761719e+01 1.856840782367365827e+00 5.132645273174937017e+00 -1.256312820800200014e-01 1.255988290915545136e+01 2.923052818529198182e-01
2.633592190404103195e-01 8.363098448872818835e+00 2.859572525691340683e+00 1.313924616252524658e+00 1.209574621300566832e+01 2.059054015875799948e+00 5.109644787126253362e+00 -2.517925599535472125e-01 1.265374939139969435e+01 2.080498144912703018e-01
3.217171308648029138e-01 8.358552857255894253e+00 2.882348360837899026e+00 1.326343385813255393e+00 1.206693456512790341e+01 2.145814993426416351e+00 5.119109637513740374e+00 -4.108991767479342472e-01 1.268539053601111632e+01 1.454658428835386985e-01
4.051723221810853426e-01 8.346093443073502982e+00 2.935407918005525474e+00 1.364469174751104408e+00 1.202964974866492298e+01 2.265985539088232414e+00 5.123642751421367159e+00 -5.841533813327773883e-01 1.278269717296301344e+01 9.158432819563377958e-02
4.748234744651400607e-01 8.336487767836265661e+00 2.993093924345567647e+00 1.386803689387727356e+00 1.192442291191681392e+01 2.236956561865883764e+00 5.179782037654073079e+00 -7.192032977738396227e-01 1.283961119190608002e+01 7.268271994883258869e-02
5.326257504438515200e-01 8.326911491256593578e+00 3.109646216598287438e+00 1.470000622333679674e+00 1.176961671087988925e+01 2.566173442122164694e+00 5.213661342804112309e+00 -7.102349870058497494e-01 1.314598546223989217e+01 -2.420296608527862381e-02
4.477429144922052129e-01 8.344392047026971682e+00 3.071217608263250742e+00 1.429667646284221050e+00 1.182007576831966489e+01 2.415914652313350341e+00 5.184409104278211444e+00 -5.484112639779415987e-01 1.308776431658798423e+01 4.702567846681832836e-02
4.449893102983876192e-01 8.374435201438988230e+00 3.073535073701142650e+00 1.398199448346548968e+00 1.172363175697722326e+01 2.448011114957487244e+00 5.171073157705843748e+00 -5.281471901414455106e-01 1.320425625648076107e+01 -9.640306494108741298e-03
3.963846310447525223e-01 8.436481694366859685e+00 3.014002433239656664e+00 1.307615347714330190e+00 1.155180747524767071e+01 2.367801617815392223e+00 5.108755998773657048e+00 -4.011540853161142950e-01 1.334866622682332959e+01 -5.858214205315608047e-02
4.854183361758904192e-01 8.430185537805479967e+00 3.090383842781249779e+00 1.332619257740899954e+00 1.145161357350079712e+01 2.470537252248491189e+00 5.142379920374556157e+00 -5.819796541179647065e-01 1.349971082813150325e+01 -1.456316375924282813e-01
4.489673728167001276e-01 8.438041219118598946e+00 3.077002826493796750e+00 1.346204183893117579e+00 1.146568120792046130e+01 2.456187564186909977e+00 5.127701763910044619e+00 -4.891547551811277761e-01 1.348161255814790849e+01 -1.002041143621687780e-01
4.481771740897304568e-01 8.445798327996953958e+00 3.101654616588830127e+00 1.365509281790519669e+00 1.142586100667982585e+01 2.474595804511396047e+00 5.136345016857421619e+00 -4.750190339208905099e-01 1.354102882715964462e+01 -9.411126113919475455e-02
4.540439845967666477e-01 8.488764364886101532e+00 3.210829014193151032e+00 1.443360635936250969e+00 1.119805416997270697e+01 2.517588216506773779e+00 5.183137426936171188e+00 -4.504018625834271816e-01 1.384128522396076733e+01 -6.954645549526922155e-02
4.462022789656782118e-01 8.505439246066149650e+00 3.241509246783570664e+00 1.485282015424378654e+00 1.112385921900869157e+01 2.499035163229025969e+00 5.205021425579635874e+00 -4.298922624887100419e-01 1.392609062275503895e+01 -2.415975262341028829e-02
3.539132264275852147e-01 8.771891256701129791e+00 3.682218403091592762e+00 1.934096513394116812e+00 9.909770422884376373e+00 2.438741557444100483e+00 5.430165886613178117e+00 -1.151217234656510269e-01 1.536157450560989624e+01 3.490768753993729323e-01
3.249330218256872294e-01 8.989941214489951093e+00 4.043860832936633898e+00 2.289593889431317919e+00 8.812333406534227365e+00 2.266053096478763962e+00 5.538966421297552678e+00 2.787414156237089102e-02 1.667256282158477632e+01 6.502787617724922198e-01
4.100780488160216675e-01 8.609002026814190245e+00 3.371128042733139374e+00 1.632144867074618588e+00 1.064770809529876772e+01 2.418035039041797507e+00 5.241889273078828460e+00 -3.233915414308392577e-01 1.446734849224196751e+01 1.145074775403332190e-01
4.287099811884974021e-01 8.597438007070111965e+00 3.398983174687344011e+00 1.637938651587234729e+00 1.065591069492140797e+01 2.359940839259551115e+00 5.272340726206175887e+00 -3.930430238333215143e-01 1.447312497486412219e+01 1.158812645052995499e-01
4.206256013250739834e-01 8.610701918868283400e+00 3.450667985212798605e+00 1.658938589017342702e+00 1.059449827258059784e+01 2.330008829837667328e+00 5.278451118591647173e+00 -3.639537423354013979e-01 1.460705252530417830e+01 1.181848720217622134e-01
3.974643446974823191e-01 8.608475702912084415e+00 3.481030197520825542e+00 1.624749961988411817e+00 1.065106788263919491e+01 2.285876821732047315e+00 5.239546451853614784e+00 -2.890033043743734376e-01 1.467507312281878562e+01 4.320047929882898929e-02
4.042831998768160462e-01 8.632100336112259242e+00 3.526576124227681852e+00 1.686884509318178127e+00 1.052388971229717995e+01 2.231896447592934596e+00 5.280810018903121517e+00 -3.000656106148560376e-01 1.479320086593322969e+01 8.352768039055837035e-02
4.099708868089208536e-01 8.634716553001002382e+00 3.532951177837818424e+00 1.713707343257382165e+00 1.052671101409191756e+01 2.217312134951274327e+00 5.269561834271809353e+00 -3.134436450681312158e-01 1.479725818981982677e+01 8.595648290134230707e-02
4.333083393906854153e-01 8.664376667699594137e+00 3.609104705197311969e+00 1.861582273059036119e+00 1.047684423905860562e+01 2.130313424186339510e+00 5.233604771269069644e+00 -3.493635026937449983e-01 1.493979785710817865e+01 8.748982226152475505e-02
4.545195213861589201e-01 8.680178451603682177e+00 3.641976070096773377e+00 1.944104556450127363e+00 1.048903332762978735e+01 2.113811062738732538e+00 5.220458923121872097e+00 -3.750813811457306968e-01 1.498057377540443724e+01 5.482671973009641680e-02
5.762096489209720396e-01 8.796514002067288729e+00 3.849181236406981732e+00 2.485016072666038411e+00 1.046686105558798552e+01 2.038882245181474318e+00 5.186521115185768416e+00 -4.994606820285172333e-01 1.531950507327205280e+01 -1.101437802718359948e-01
6.094768041648352952e-01 8.812463728588765477e+00 3.828389174848229715e+00 2.552570571752459383e+00 1.051748515581967247e+01 2.148184062104150804e+00 5.230510613947394027e+00 -5.297440147260711329e-01 1.526781555236704513e+01 -1.896942795354966682e-01
5.929206427178174144e-01 8.826012078383339343e+00 3.840939987112074849e+00 2.584287333318930902e+00 1.040849243506547595e+01 2.136198875557699939e+00 5.264029957584924979e+00 -4.690773262931595688e-01 1.537405266125793446e+01 -1.452763265353913813e-01
6.978065654201688339e-01 8.934599777074833327e+00 3.804014325180679723e+00 3.018657144357343558e+00 1.029212718186932563e+01 2.533000168714458322e+00 5.598395787934554946e+00 -4.134175139355081297e-01 1.544643432005671890e+01 -3.340838676986607192e-01
7.352574763872125052e-01 8.989747237439528860e+00 3.962019448385087461e+00 3.166430574951756061e+00 1.000045849596552294e+01 2.226644200803959528e+00 5.562247896573648376e+00 -4.192821811691649359e-01 1.589388532780403196e+01 -2.474219060176217067e-01
7.272137027580100055e-01 8.924564922722684202e+00 3.882974138231944483e+00 2.954257422176642667e+00 1.016117010360159334e+01 2.233287291278213793e+00 5.525894725071012203e+00 -5.091087302951882165e-01 1.558842707868660149e+01 -1.988632478071814536e-01
7.257090433032966637e-01 8.913457702813936123e+00 3.900755525864971762e+00 2.894168288988320459e+00 1.015171000236696131e+01 2.161022955448451022e+00 5.602739723356207513e+00 -5.564713120646103128e-01 1.554751907656884846e+01 -1.379861069151999131e-01
7.613470129962545130e-01 8.936607750422730589e+00 3.932978201990271483e+00 2.951677027129427699e+00 1.015991712329855901e+01 2.142826059948562012e+00 5.657319479036629239e+00 -6.596523682806545441e-01 1.554717828930873580e+01 -1.538088811361557062e-01
7.614906926825693034e-01 8.940560750723289374e+00 3.942523522518607937e+00 2.941172507181635254e+00 1.015440853612163785e+01 2.146858318116276365e+00 5.644586433598584918e+00 -7.183643226710924035e-01 1.556465594746114434e+01 -1.539068368544519172e-01
7.601601627510878867e-01 8.940773373772044508e+00 3.968407995831734425e+00 2.963726437192088170e+00 1.017050164704184390e+01 2.140833129525032241e+00 5.676055112949785375e+00 -7.615254422746166041e-01 1.556113046266949773e+01 -1.268075597951933142e-01
7.677770475227436719e-01 8.943152395608398919e+00 3.979112974313467443e+00 2.955914694342549609e+00 1.016834066866910646e+01 2.121040715793967912e+00 5.701017908239341736e+00 -8.055465962857666362e-01 1.555600460871889545e+01 -1.168336170281042696e-01
7.686862009240932325e-01 8.942994651012373453e+00 3.980358045542779166e+00 2.960560754679876894e+00 1.016544099376569754e+01 2.121158011549365341e+00 5.704497860183486146e+00 -8.060249612576876332e-01 1.555999375553448871e+01 -1.153318159491805439e-01
7.690527263689602711e-01 8.942712981879113343e+00 3.980836303503772822e+00 2.962259142862305517e+00 1.016516480434300362e+01 2.120476500302797884e+00 5.706881146911642944e+00 -8.090712307708513018e-01 1.556105529328190507e+01 -1.141151098325088042e-01
7.692399889625334275e-01 8.942841644685554314e+00 3.981208114338754989e+00 2.964126883930555234e+00 1.016474176741507129e+01 2.118161162387075969e+00 5.710787296236994770e+00 -8.131430885703386791e-01 1.556343807951588509e+01 -1.131502449454167281e-01
7.688546569677383591e-01 8.942804149311587736e+00 3.980204861430092222e+00 2.964454999693574955e+00 1.016505116494631800e+01 2.115553832770556753e+00 5.713119130231371301e+00 -8.157937815425081451e-01 1.556424828952537887e+01 -1.123157361910716856e-01
7.688546569677383591e-01 8.942804149311587736e+00 3.980204861430092222e+00 2.964454999693574955e+00 1.016505116494631800e+01 2.115553832770556753e+00 5.713119130231371301e+00 -8.157937815425081451e-01 1.556424828952537887e+01 -1.123157361910716856e-01
