2.012946469183970244e+00
1.990165417294758932e+00
9.024016654108977242e-01
-2.542217289176484374e-01
-2.360786845058439887e-01
-1.783768030574985619e-01
-5.630646002562545993e-01
-2.462757761711814875e-01
-2.126922204141935835e-01
-4.359369668319389435e-01
-5.374976037059111533e-01
-7.266639556251379695e-01
-5.291903499299166480e-01
-2.128276044912387199e-01
-1.003117442976184215e+00
-1.053246436035876199e+00
-1.052804626018092549e+00
-1.081647908315966244e+00
-1.087512573883231637e+00
-1.115817477286691117e+00
-1.120674296071944243e+00
-1.123559242916705614e+00
-1.126456131151347018e+00
-1.133179524358097989e+00
-1.137435883437677431e+00
-1.145806208510095958e+00
-1.150508576553003648e+00
-1.153120810925446493e+00
-1.159461758381262531e+00
-1.168551092009237458e+00
-1.175390561316044913e+00
-1.177583192649737764e+00
-1.177947484073872619e+00
-1.178200835407747338e+00
-1.178840076590327079e+00
-1.179537569096801963e+00
-1.180078382112319524e+00
-1.180361373559618787e+00
-1.180487640204588073e+00
-1.180553078083404817e+00
-1.180612760534015315e+00
-1.180671558417146993e+00
-1.180735528949643731e+00
-1.180816898080486510e+00
-1.180905252518045900e+00
-1.180974189921522255e+00
-1.181011553434208494e+00
-1.181022977853048106e+00
-1.181025257118021532e+00
-1.181026438836372261e+00
-1.181029855227220926e+00
-1.181024252935313212e+00
-1.180968537928489992e+00
-1.181055928143729394e+00
-1.181075637139790357e+00
-1.181109159456747326e+00
-1.181112456061445215e+00
-1.181115525149192047e+00
-1.181115525149192047e+00
