1.970351869851305171e+00
1.440697995951905508e+00
-1.512323816042899782e-01
-3.431962435861869443e-01
-2.556465640564968833e-01
-4.776298532106613703e-01
-5.504068679492659655e-01
-5.944522606081188432e-01
-6.587503014670239576e-01
-7.249439175171331629e-01
-7.581019635687019642e-01
-8.126420602910652269e-01
-8.507806792638996640e-01
-8.828758525361855014e-01
-9.048739782932321285e-01
-9.349526373974569315e-01
-9.746646879310251199e-01
-1.025872009471985535e+00
-1.074150591992579340e+00
-1.106963662144876626e+00
-1.131793046066817743e+00
-1.146918506826690498e+00
-1.164390257589461353e+00
-1.189065367015498476e+00
-1.212053633386311002e+00
-1.229102554831507321e+00
-1.242622188096493607e+00
-1.248943883124176590e+00
-1.258289162956675922e+00
-1.267435301039355755e+00
-1.272182435075782880e+00
-1.274809253849424451e+00
-1.276562698120737638e+00
-1.278146937921524895e+00
-1.280865421156567763e+00
-1.179792334935440890e+00
-1.142389000822061629e+00
-1.220251436758405195e+00
-1.291633072837735208e+00
-1.298720274251558449e+00
-1.310913236988565433e+00
-1.348724584304282992e+00
-1.359838282998293346e+00
-1.363200470904039285e+00
-1.369780586502868047e+00
-1.371559100851684754e+00
-1.373388326610349486e+00
-1.374458007405745530e+00
-1.375192073554398098e+00
-1.376197793423229454e+00
-1.376518381190287910e+00
-1.376774749890188776e+00
-1.376890373021279146e+00
-1.377000037361919560e+00
-1.377075507731770898e+00
-1.377152927301992680e+00
-1.377220166398692269e+00
-1.377254354100293954e+00
-1.377267374122506105e+00
-1.377274160076263021e+00
-1.377278567918470253e+00
-1.377280998301880777e+00
-1.377282292847332723e+00
-1.377283309066435146e+00
-1.377284289446265797e+00
