-7.691952243955299529e-02
4.610486522173620760e-02
-1.532467978657694463e-01
-4.085148539120980749e-01
-1.582374918932740598e-02
-3.944637046052333895e-01
7.319197038745386963e-02
-6.874429926524949774e-02
6.968103608924801629e-01
-7.282511611370022508e-02
-2.950984151356004226e-01
-6.379599064961325450e-01
-5.754464036806579141e-01
-7.245645147768998706e-01
-7.399510136856927156e-01
-7.353448225253332859e-01
-7.403717373321687667e-01
-7.412113295010036573e-01
-7.412322897511525177e-01
-7.412595295017018193e-01
