-1.108208496140822563e-01
-1.753381096941733497e-02
-4.181323704704682509e-01
-2.217211312989382788e-01
-7.375631825871967751e-01
-5.036718202573382541e-01
-9.531018062843555905e-01
-1.096504334190689489e+00
-1.110112724299954001e+00
-1.201588564953817828e+00
-1.261749559993510017e+00
-1.289190113068987120e+00
-1.287969138221290333e+00
-1.330816093272648715e+00
-1.353204379492715992e+00
-1.372318355112867039e+00
-1.384108320506923784e+00
-1.393048586009286938e+00
-1.400641049742314070e+00
-1.406431445052455098e+00
-1.411120594600028921e+00
-1.417375545508934076e+00
-1.429470879875534228e+00
-1.444918878051491440e+00
-1.452634985632464737e+00
-1.462629677897914648e+00
-1.466629347832630437e+00
-1.472689080338597911e+00
-1.480067309029981182e+00
-1.487101037684256832e+00
-1.500037789652990394e+00
-1.511339748644438208e+00
-1.517511213053302388e+00
-1.524210924372296327e+00
-1.530918640158435817e+00
-1.536598020960394440e+00
-1.540695901479601115e+00
-1.543611972934414212e+00
-1.545302123867148270e+00
-1.546758112290639975e+00
-1.547477862550225014e+00
-1.548030745693305343e+00
-1.549405099862988688e+00
-1.550633962910694663e+00
-1.551625818837164550e+00
-1.552723296783534046e+00
-1.553414209724235828e+00
-1.553974373982133894e+00
-1.554440022848502911e+00
-1.554637591571049526e+00
-1.554757386964406463e+00
-1.554794200458182063e+00
-1.554833287996082003e+00
-1.554872002817757171e+00
-1.554912268997512115e+00
-1.554951068482054222e+00
-1.554994739745613419e+00
-1.555050677392297409e+00
-1.555126591922276091e+00
-1.555220311198713734e+00
-1.555323484525461319e+00
-1.555417467508642959e+00
-1.555496864006531199e+00
-1.555572034190977782e+00
-1.555642453234731937e+00
-1.555730000139063263e+00
-1.555804098175112893e+00
-1.555929018241620110e+00
-1.556062023613810297e+00
-1.556166585169329597e+00
-1.556230182496960213e+00
-1.556277748524697024e+00
-1.556331671273244011e+00
-1.556380073260091423e+00
-1.556414236798818740e+00
-1.556432958750031847e+00
-1.556445876897631253e+00
-1.556458801417868409e+00
-1.556473150964306829e+00
-1.556489819435945110e+00
-1.556506063227413694e+00
-1.556521106492783968e+00
-1.556529834507277332e+00
-1.556536820345677752e+00
-1.556541185093890389e+00
-1.556544297478661631e+00
-1.556546847985219140e+00
-1.556548341201225538e+00
-1.556548966174241766e+00
