1.992055749983595803e+00
1.675178337656416439e+00
-1.327524613029684442e-01
-8.056965540126337366e-02
-2.113860997270872177e-01
-2.380624462450594558e-01
-2.228702267269216941e-01
-3.318564836560090048e-01
-3.450277390640660302e-01
-3.667612402073946454e-01
-3.819210016407446062e-01
-3.973497025913766967e-01
-4.205933644545231109e-01
-4.460190040448673843e-01
-4.664115664937024675e-01
-4.880912792100789432e-01
-5.006814986377448040e-01
-5.096135479934615908e-01
-5.165036509900675643e-01
-5.277707170154213312e-01
-5.501499135421638043e-01
-4.725026878477679437e-01
6.282419714620698925e-02
-5.977722448150956103e-01
-5.969926753024037414e-01
-6.816358269152060778e-01
-6.933364396826646736e-01
-6.985843631233883411e-01
-7.001311436726698201e-01
-7.027349618128309050e-01
-7.089933099347179857e-01
-7.133198059516795420e-01
-7.195317226259931864e-01
-7.220612041718161844e-01
-7.261047757327557806e-01
-7.274584973916204955e-01
-7.307832605360072842e-01
-7.447872839882672125e-01
-7.535184777502490494e-01
-7.598209027686200212e-01
-7.702699341588282733e-01
-7.828331153973016043e-01
-7.286934635840093266e-01
-7.691093659219092604e-01
-8.104477456646785871e-01
-8.259997658864076664e-01
-6.894253420637067586e-01
-7.854859559165365823e-01
-8.701852395531024520e-01
-8.805494634873480830e-01
-8.883688723376751417e-01
-8.927794664145650705e-01
-8.986066642733869791e-01
-9.027053804330080755e-01
-9.051786937824543022e-01
-9.059628474439300749e-01
-9.061603120725342242e-01
-9.062534465773872672e-01
-9.062794616499939560e-01
-9.062845910574292008e-01
-9.062852145849019658e-01
