1.987453249207150607e+00
1.888951755926701948e+00
1.471851062448526593e+00
1.793024937834750143e-01
-5.573400615982557205e-02
-1.396751824127529795e-01
2.903720982478702473e-02
3.596758727209477258e-02
2.203713250010069791e-01
-1.776884269664798233e-02
-1.148612811957845925e-01
-3.408676207360969435e-02
-1.099428107640942204e-01
-7.632764410900760854e-02
-1.350107072193900415e-01
1.426935076114490414e-02
-3.925795498483919399e-01
1.615519324641102317e-01
6.517408935086574373e-02
-3.172180672314893202e-01
-8.574805604890387012e-02
-7.477478308443538668e-02
-1.431441405583477600e-01
2.767902954070013827e-02
-3.572460362870316652e-01
-7.440166946359079159e-01
-4.550150421841437365e-01
-1.029787979480876858e+00
-1.069038235312143925e+00
-1.184675084773368692e+00
-1.282630250289142237e+00
-1.287096356489527027e+00
-1.185145669041256067e+00
-1.386232866097896199e+00
-1.339006638826867768e+00
-1.483183653001077351e+00
-1.503381452912312177e+00
-1.326803789341771234e+00
-1.252664623912060016e+00
-1.481120449469812028e+00
-1.575901453779524175e+00
-1.508799366516550000e+00
-1.591883740936915093e+00
-1.600334396336672071e+00
-1.643628070547312081e+00
-1.634888817794619698e+00
-1.604599032734841391e+00
-1.677532250912619816e+00
-1.701213144830396651e+00
-1.652190961165099115e+00
-1.710822425824734427e+00
-1.717178943367816180e+00
-1.719528738948997715e+00
-1.717309054482373698e+00
-1.725887458449484990e+00
-1.727304490978722518e+00
-1.729492627829137152e+00
-1.732363489122827893e+00
-1.736566426929939677e+00
-1.737512978391317464e+00
-1.743776845661319186e+00
-1.747742041228891985e+00
-1.751063528535399483e+00
-1.753729506755038248e+00
-1.757087136195924160e+00
-1.760185690996290075e+00
-1.763676636828106714e+00
-1.767354333081379458e+00
-1.771682710649577164e+00
-1.775756563964835166e+00
-1.775067332100448425e+00
-1.780880204470088435e+00
-1.783931198840598142e+00
-1.785113483861743511e+00
-1.786597024008533152e+00
-1.787605057313220280e+00
-1.788997139332958453e+00
-1.790464604030128637e+00
-1.792490344282687165e+00
-1.793707998896841627e+00
-1.795053640341472079e+00
-1.795791048728723194e+00
-1.796777600340991876e+00
-1.797877551877192115e+00
-1.799004350686175702e+00
-1.800691724502649249e+00
-1.802139046116775223e+00
-1.804314814743786188e+00
-1.806399155899591102e+00
-1.808576660075713161e+00
-1.810699471308127251e+00
-1.812787487928321450e+00
-1.815545800108503860e+00
-1.818159789512241886e+00
-1.819756092137949866e+00
-1.819971660610431474e+00
-1.821551602160024652e+00
-1.822121502511899305e+00
-1.822439333068386791e+00
-1.822643373254795751e+00
-1.822643373254795973e+00
