6.475271225375740514e+00 2.326417478382334370e+00 4.339813630800531286e+00 5.325085445793882322e+00 6.117442619647639468e-03 6.111334912772036637e-02 9.960722482956553547e-02 6.249284788740797070e-02 6.346478215865994366e-02 6.760641701706456008e-02 1.602259967148506048e-02 8.551833380554507702e-02 1.545607858071281794e-02 6.627381524538843161e-02 3.562422291353330855e-02 4.325704519125455477e-02 7.581307737491281562e-02 1.569693498057867127e-03 6.811355320088259557e-02 8.452556449086583157e-02
4.388998880612735576e+00 4.388998880612727582e+00 4.388998880612730247e+00 5.324808701428190183e+00 5.322525274600642398e-03 6.138973586554385270e-02 1.744478598908295597e-01 6.268569871557874706e-02 1.335010742347707835e-01 6.548043854721592727e-02 4.057324860694044855e-03 8.500039924476932018e-02 3.326096945176078984e-02 6.644419512247888571e-02 4.412950769975767379e-02 4.305090252729886630e-02 1.715592667307630492e-01 1.021956614894414979e-03 1.220203217612921415e-01 8.416477757604039212e-02
4.376240612566903998e+00 4.434259195860217773e+00 4.434259195860217773e+00 5.331112168803038287e+00 -9.700863655364043089e-04 6.192983859696169630e-02 2.837398002798521279e-01 6.362347422916250772e-02 2.681204630164290559e-01 7.291733220457090325e-02 9.863600675304867726e-03 8.383971285059982348e-02 9.179819988978976664e-02 6.684595760790594532e-02 4.785474252802209005e-02 4.383496891106456600e-02 3.645320408045232274e-01 -5.651448835857601771e-04 1.920444596702428897e-01 8.300808007775239972e-02
4.246467179087229482e+00 5.049639072793821626e+00 5.049639072793821626e+00 5.443044756329807221e+00 -1.495998466990542952e-01 6.161278745754333180e-02 1.298734769737358352e+00 9.244990569166293415e-02 1.595999278613835948e+00 2.103274635502486722e-01 2.293878804551909706e-02 7.247868562264572767e-02 8.637354656862877844e-01 6.913388940104170377e-02 -4.435525861344033483e-02 5.578419320285730315e-02 2.457209076898223543e+00 -2.565730276862632914e-02 7.865430169025099394e-01 6.129143146411074328e-02
4.786383916457912946e+00 5.349862671229476341e+00 5.349862671229476341e+00 5.397290686032312657e+00 -1.731991710537405804e-01 3.695460050868387691e-02 1.658211743308413588e+00 2.596630773292159522e-01 2.139040260079116962e+00 2.682896895012371052e-01 -1.883361149272328589e-02 2.630555059934976125e-02 1.162757171617651242e+00 8.468954951810819809e-02 3.729871438794764293e-02 5.285138277737572166e-02 3.540890011579050256e+00 -4.174406580373545006e-02 1.026133641816160402e+00 -4.933635739096460526e-02
5.208684661542033467e+00 5.208684661542033467e+00 5.208684661542033467e+00 5.310879790356298535e+00 -1.892921244993950314e-02 3.343945622596704303e-02 1.720753805707708306e+00 4.406508267698175940e-01 1.894251582311279103e+00 1.823903093048485635e-01 5.124978020162658521e-02 9.441506432962244733e-03 9.272555152563511927e-01 1.797205064131357499e-01 1.752408910342358184e-01 3.344037532541219854e-02 3.367524716192024758e+00 -3.665172291108729358e-02 8.740587407326120273e-01 -1.489638726061261464e-01
5.083104472361628545e+00 5.083104472361628545e+00 5.083104472361628545e+00 5.098401784663407987e+00 1.155884609363531518e-01 2.672947585519070204e-02 1.710247185227543820e+00 6.011926371803018032e-01 1.689496734777111930e+00 1.380116147555850437e-01 6.300153501697025593e-02 -5.626732198426014075e-03 7.030089892729696199e-01 2.951822313030977307e-01 2.970427355327585617e-01 2.869869507963664079e-02 3.254743923048384335e+00 -2.661546823762463154e-02 7.174925345759582962e-01 -2.686612366363659299e-01
5.047592713930151298e+00 5.126489323026020450e+00 5.126489323026020450e+00 5.343007084350208657e+00 3.445436434979721185e-01 5.210503020169319349e-03 1.817581076872628820e+00 9.407816810107150207e-01 1.343715671980565851e+00 2.463467306406161295e-02 7.411622867556978689e-02 -1.248314091540799267e-02 3.108501004204132223e-01 5.029921760258129204e-01 5.090663705463321920e-01 3.562597812231978883e-02 3.006292175856858595e+00 -2.792553527924066664e-02 4.314584089530821842e-01 -4.632253492341323331e-01
5.010394396556595353e+00 5.158348926866275441e+00 5.158348926866275441e+00 5.318318183129238541e+00 2.711018785750328730e-01 -2.210833074279524441e-02 2.049651753461314563e+00 1.008713431640486213e+00 1.224125370751554476e+00 -8.138049426407976961e-02 -3.378495205034111326e-02 5.322286337297536113e-03 2.236416926501149649e-01 5.770699157967866810e-01 5.585646710803739978e-01 7.883796074985614799e-02 2.966796596183606916e+00 -3.430547096821530417e-02 4.023433406778068600e-01 -4.970064651157493074e-01
4.590967638806205287e+00 5.195634920764151232e+00 5.195634920764151232e+00 5.285735422493153202e+00 -4.203020122277493220e-01 -1.948604845416443965e-01 3.288357604321616279e+00 1.092745317972732888e+00 4.904560380049074464e-01 -6.018641737239820433e-01 -8.457258719352354071e-01 1.458719813915518027e-01 -1.728427169827434495e-01 8.869381738557430284e-01 5.907904648620947441e-01 3.270353280119430717e-01 2.575344583892031913e+00 -1.173662812233716990e-01 2.739695822501186373e-01 -5.155135627398714782e-01
5.017806308081264710e+00 5.130109856379143629e+00 5.130109856379143629e+00 5.292994185667156515e+00 -2.625131990133671711e-01 -1.223804748626903249e-01 2.926984499843220178e+00 9.547166163665596894e-01 7.898364897244947169e-01 -3.135688208230598684e-01 -5.738001439217936817e-01 1.244217373291463119e-01 2.220486617322916384e-02 7.813089182084210771e-01 4.248527498589849127e-01 1.886374836573300184e-01 2.798239653601985566e+00 -9.890412299213031944e-02 3.477173719971458632e-01 -4.609492959841684501e-01
4.990423451081205997e+00 5.119523520714742482e+00 5.119523520714742482e+00 5.256768411405380981e+00 -4.236013612919280469e-01 -1.026780341119047091e-01 2.969404160742088905e+00 7.969085677116637401e-01 7.823240905213642016e-01 -1.920619012748981946e-01 -6.287823747532316210e-01 1.545141748792596692e-01 1.610948854291786303e-01 7.221466479491316370e-01 1.645073262869384267e-01 1.378597098658512765e-01 2.690309174381493751e+00 -1.196837407757710969e-01 4.115204974410451300e-01 -3.365452661090744257e-01
5.012451902496046330e+00 5.099060086508909961e+00 5.099060086508909961e+00 5.269298161537600222e+00 -4.446461600930560754e-01 -7.249263406489288297e-02 3.059293185133009629e+00 7.154915341100388515e-01 6.710391833934519212e-01 -2.316314638338914933e-02 -6.684338654073889163e-01 1.418412239581458845e-01 2.335170295906828231e-01 6.995630571414779286e-01 -2.254781407596123666e-02 6.564426242060061867e-02 2.537967369863712186e+00 -1.323589781389417908e-01 3.747411611534710030e-01 -2.806318414825884622e-01
5.061657468357338097e+00 5.071635554341756169e+00 5.071635554341756169e+00 5.280993811848689212e+00 -3.633306035611683082e-01 -4.651452118186882867e-02 3.112995972088954399e+00 7.128693438442945673e-01 7.267523288797093084e-01 1.048230912506888102e-01 -6.186183788926723492e-01 9.904696576724414392e-02 3.081149521556697524e-01 6.727516450335194742e-01 -4.656452166003986759e-02 3.596133050850032487e-02 2.606062082077980069e+00 -1.228895336573185698e-01 3.599417692522319245e-01 -2.755063284814224800e-01
5.060566605949634145e+00 5.068033319723507013e+00 5.068033319723507013e+00 5.276281782602679549e+00 -3.509545885647077368e-01 -2.868086428328797330e-02 3.202893522003601667e+00 7.294168983645762383e-01 7.041886019370653393e-01 1.538656403197595224e-01 -6.267362013117362407e-01 5.965217056851344207e-02 2.973221581252254997e-01 6.883999765142564398e-01 -4.131861090959181027e-02 4.395289233605388646e-02 2.622416342715248039e+00 -1.100341590682032689e-01 3.326325740409584175e-01 -2.723790391896771523e-01
5.066526452820120596e+00 5.069490984728534322e+00 5.069490984728534322e+00 5.266689657158121207e+00 -3.355799362144742948e-01 -2.952921631024948285e-03 3.185939409232523278e+00 7.313592732594972334e-01 7.024598986406050960e-01 1.905854321467936596e-01 -6.064852569311435238e-01 1.489625152331149061e-02 2.876175225725441376e-01 6.859352099600477537e-01 -3.411775981674380898e-02 6.576411249164931805e-02 2.619990214057883460e+00 -8.786035617292843602e-02 3.149789093983245691e-01 -2.585984691623217091e-01
5.067922132023821469e+00 5.067922132023821469e+00 5.067922132023821469e+00 5.263212227568085488e+00 -3.592448727436254874e-01 6.377566879876830908e-02 3.167972074942074556e+00 7.172319740528929621e-01 6.999517353194623093e-01 2.667969081558913547e-01 -6.028119034215451144e-01 -9.952441377565786340e-02 2.676615922981027129e-01 6.823282238793406673e-01 -3.588411862070151059e-02 1.332970839735071467e-01 2.622296679301028721e+00 -2.093305518429500189e-02 2.808713375831551895e-01 -2.016783997788496596e-01
5.070688236365643142e+00 5.070688236365643142e+00 5.070688236365643142e+00 5.249041114302922750e+00 -3.925792240231740227e-01 1.151788581781524323e-01 3.177867466917666750e+00 6.982852173330555967e-01 6.864816545082591537e-01 3.008238010155230291e-01 -6.359385398584334048e-01 -1.745535525403176524e-01 2.607287631457286259e-01 6.812858938850906432e-01 -4.224583840719838695e-02 1.807392985430585630e-01 2.605352772044192022e+00 3.554505239547619405e-02 2.529762833242322206e-01 -1.437893488979875845e-01
5.070329564602746863e+00 5.070329564602746863e+00 5.070329564602746863e+00 5.247487951794108874e+00 -4.053717987886095164e-01 1.574603811611149928e-01 3.182136578497297030e+00 6.792578835550420191e-01 6.815658618512620004e-01 3.101330833424487121e-01 -6.746195174773346181e-01 -2.320663861504209113e-01 2.732083304729369666e-01 6.776752620309595132e-01 -3.740615807064089082e-02 2.112667698205146771e-01 2.592799592241685769e+00 9.385677976559367308e-02 2.331396846444666049e-01 -8.840778260506516883e-02
5.069417804547979856e+00 5.069417804547979856e+00 5.069417804547979856e+00 5.244788057024806882e+00 -4.097144357817655291e-01 2.004681935800331494e-01 3.193554013410527137e+00 6.504678313043430471e-01 6.788364071845436332e-01 3.003041339508910057e-01 -7.182487245027784351e-01 -2.821809838314973118e-01 3.054510969204791149e-01 6.735181581019720198e-01 -3.535766087941841218e-02 2.239368076877525093e-01 2.572844421904418422e+00 1.660112387060472816e-01 2.307024306687187332e-01 -1.490939242106288642e-02
5.067189112198218659e+00 5.067189112198218659e+00 5.067189112198218659e+00 5.249707691526229070e+00 -3.937585790062270719e-01 2.390753821983202798e-01 3.200297065047752909e+00 6.218322965958955617e-01 6.776613260484507517e-01 2.720471006759681565e-01 -7.468567542190982511e-01 -3.259781379122471123e-01 3.418053363025915781e-01 6.755157330700906071e-01 -3.136870246168509818e-02 2.152794338380901173e-01 2.558681296006798611e+00 2.458849440348823134e-01 2.447493707675974517e-01 6.216965914976341212e-02
5.065087747475011781e+00 5.065087747475011781e+00 5.065087747475011781e+00 5.255366321405415597e+00 -3.703884492834410569e-01 2.694439614039699227e-01 3.202108970168200397e+00 5.968709933887655916e-01 6.756305051945171725e-01 2.363127668130401149e-01 -7.512445330523011000e-01 -3.621475495518535204e-01 3.691860468079436464e-01 6.857403135435566899e-01 -3.216806130453967599e-02 1.877843422695215370e-01 2.555528846151151612e+00 3.193882685668952837e-01 2.693312355948708769e-01 1.341149428630980245e-01
5.063786054232435774e+00 5.063786054232435774e+00 5.063786054232435774e+00 5.260775861900545358e+00 -3.479955952333708691e-01 2.903626722084741152e-01 3.195807910113913408e+00 5.809746970614292350e-01 6.702348232735978462e-01 2.071954512554456396e-01 -7.353815818848332686e-01 -3.946761643431740407e-01 3.778476778046218065e-01 7.027369022793416020e-01 -3.505655656635826845e-02 1.541746936704178617e-01 2.566046545949288049e+00 3.752070802826248941e-01 2.864965678348984635e-01 1.889975130141494930e-01
5.063648648995479284e+00 5.063648648995478396e+00 5.063648648995478396e+00 5.261847257142232337e+00 -3.416083323066376187e-01 3.004409733218337819e-01 3.189487774809840026e+00 5.726072858047510650e-01 6.638173264580261579e-01 1.964322475494197640e-01 -7.195854559666691186e-01 -4.186400943952796605e-01 3.743679631812460440e-01 7.169923921835081870e-01 -3.905167525196820422e-02 1.312643303037617226e-01 2.579250369877635674e+00 4.025580785142994777e-01 2.863193919182022151e-01 2.195303889437886513e-01
5.063899890939531190e+00 5.063899890939531190e+00 5.063899890939531190e+00 5.261166687207783355e+00 -3.451459129243719115e-01 3.044834202677171309e-01 3.185967705172711995e+00 5.660275099000430243e-01 6.586177594593862761e-01 1.954593001037343014e-01 -7.123855568950846484e-01 -4.371924643037511382e-01 3.702770347566586850e-01 7.263072599622834025e-01 -4.071495428673411326e-02 1.174714565371082486e-01 2.588667177882844062e+00 4.150276313233770553e-01 2.758971574556093875e-01 2.379840331117972219e-01
5.064252176722905396e+00 5.064252176722906285e+00 5.064252176722906285e+00 5.259813903011855807e+00 -3.533003267544644888e-01 3.035528452561306323e-01 3.184786028612080599e+00 5.579017880043634081e-01 6.552230752079005738e-01 1.976442994693402566e-01 -7.112425821231596057e-01 -4.526529316680448223e-01 3.690469252715727899e-01 7.322679185656049139e-01 -3.981217770480829921e-02 1.059393188392873941e-01 2.594399837139308218e+00 4.200640747336906733e-01 2.626370632060501809e-01 2.522797340164305013e-01
5.064505159208078311e+00 5.064505159208078311e+00 5.064505159208078311e+00 5.258890539658194641e+00 -3.597551608682237889e-01 2.982833270602829323e-01 3.184562517326395614e+00 5.494691143999980154e-01 6.542415924061877330e-01 1.994960133799580926e-01 -7.137563444070372798e-01 -4.629757398850737893e-01 3.706270261205195093e-01 7.343596461045731605e-01 -3.644951246575475756e-02 9.709696454824423562e-02 2.595282310077042798e+00 4.197155811066283770e-01 2.542673556778234922e-01 2.613489889659608156e-01
5.064731396706392275e+00 5.064731396706392275e+00 5.064731396706392275e+00 5.258228218735961690e+00 -3.639539129842373488e-01 2.888268655523069106e-01 3.183964516050369120e+00 5.389977690910248143e-01 6.547075701778997114e-01 2.001822188613184283e-01 -7.174306330191264625e-01 -4.723403920791543475e-01 3.732203106683131266e-01 7.345220667426719530e-01 -3.157457779049844399e-02 8.796051633745538556e-02 2.593511134491682135e+00 4.162803984593861362e-01 2.506992493360094554e-01 2.687081670681756851e-01
5.064951764754591856e+00 5.064951764754591856e+00 5.064951764754591856e+00 5.257732678155131900e+00 -3.649591293916753520e-01 2.760071565090099766e-01 3.182271255675940047e+00 5.265845760193795799e-01 6.560288585042851617e-01 1.991061755221114338e-01 -7.209201401799657516e-01 -4.820103101321862038e-01 3.749601867275221267e-01 7.334727637728878369e-01 -2.635968735574682059e-02 7.900538823549481393e-02 2.590373002398378421e+00 4.108802778281742119e-01 2.520191783987389966e-01 2.747770370338404877e-01
5.065137756686786119e+00 5.065137756686786119e+00 5.065137756686786119e+00 5.257341256935737839e+00 -3.628764135199162300e-01 2.640712234434697270e-01 3.180224591122184030e+00 5.153909344984393126e-01 6.574453228593004628e-01 1.966024275834062640e-01 -7.227554131734467147e-01 -4.898533838628335024e-01 3.743889960153352070e-01 7.319757844016481219e-01 -2.349110942361593013e-02 7.329119739711038861e-02 2.587968623167423932e+00 4.055951238298614592e-01 2.565407428503871934e-01 2.782615140893036076e-01
5.065240397864862132e+00 5.065240397864862132e+00 5.065240397864862132e+00 5.257029148423481679e+00 -3.601186657493398724e-01 2.571487051807594959e-01 3.179370411629854232e+00 5.078681715855570822e-01 6.581701482255232216e-01 1.942862624798880333e-01 -7.228724938722035365e-01 -4.940958410886193142e-01 3.723546767214636621e-01 7.308370783210452748e-01 -2.401393224901703441e-02 7.226498014247074997e-02 2.587430333861958420e+00 4.026638041577540461e-01 2.600978579859704043e-01 2.794335420002633796e-01
5.065292397441914396e+00 5.065292397441915284e+00 5.065292397441914396e+00 5.256775891691630065e+00 -3.582784324397141895e-01 2.532592354982300398e-01 3.180132038133139272e+00 5.012435135098789463e-01 6.583881957868793489e-01 1.928530192895051287e-01 -7.224271926316523373e-01 -4.962816847192161873e-01 3.705551102480623693e-01 7.299519885128313845e-01 -2.652526109916036878e-02 7.369293141892116483e-02 2.587873110235388907e+00 4.014601914462058718e-01 2.613899826705060048e-01 2.802268219003913319e-01
5.065335791231415641e+00 5.065335791231416529e+00 5.065335791231416529e+00 5.256484663628191889e+00 -3.567439963521439883e-01 2.484434858927120071e-01 3.183083016772815466e+00 4.891142371754433893e-01 6.584094056415805696e-01 1.916744640463539373e-01 -7.216985268427942302e-01 -4.985751138416879558e-01 3.690737442572117888e-01 7.286562516833078318e-01 -3.141003361702509461e-02 7.702325202483652211e-02 2.588732091997779428e+00 4.008777684845430955e-01 2.610975405768958257e-01 2.822508500791803820e-01
5.065400139710410699e+00 5.065400139710410699e+00 5.065400139710410699e+00 5.256118804408206557e+00 -3.553707294733068345e-01 2.395573040779197249e-01 3.190681602754739110e+00 4.618350587330757873e-01 6.582181087588356849e-01 1.908749673395957192e-01 -7.204424874813344370e-01 -5.018120484472711196e-01 3.686353401426353260e-01 7.263637513091637521e-01 -4.094915833453331711e-02 8.364396937724610792e-02 2.589982460882096049e+00 4.010325564426331368e-01 2.584666993981798444e-01 2.874169205526550530e-01
5.065514128718834108e+00 5.065514128718834108e+00 5.065514128718834108e+00 5.255659229241985031e+00 -3.541749235635930360e-01 2.215188469496917056e-01 3.208151619508462282e+00 3.995544161531212612e-01 6.574959089317053973e-01 1.914326027669163988e-01 -7.180999675402852667e-01 -5.068485468519260406e-01 3.712460434408721421e-01 7.225479603260291928e-01 -5.970453924511458232e-02 9.661262425394409603e-02 2.591709526456060786e+00 4.031736817418246077e-01 2.515763190405481686e-01 2.993481394334697732e-01
5.065721453095055615e+00 5.065721453095054727e+00 5.065721453095054727e+00 5.255040762674113353e+00 -3.526084545740510445e-01 1.817603481761012052e-01 3.249631301624517743e+00 2.487733673434296966e-01 6.553538869787518539e-01 1.964219455954600568e-01 -7.131207835158983599e-01 -5.158493560924563015e-01 3.818797300278810036e-01 7.168024004875729327e-01 -1.007658186591824517e-01 1.243198045773381138e-01 2.594915797867042961e+00 4.113475236496451082e-01 2.355481096126370855e-01 3.269147050854323000e-01
5.065604536018030402e+00 5.065604536018030402e+00 5.065604536018030402e+00 5.255340251098830961e+00 -3.505375091138658306e-01 1.500594945797781021e-01 3.288091172740560619e+00 1.057313727758810717e-01 6.532390062092038319e-01 2.056425250525022175e-01 -7.078573230475709854e-01 -5.192858069909946916e-01 3.954666989566085200e-01 7.176148791696075335e-01 -1.364826473296607279e-01 1.473075599857553986e-01 2.598907435216314621e+00 4.235804950224932308e-01 2.205506203929956943e-01 3.487786501040521792e-01
5.065124604283604448e+00 5.065124604283604448e+00 5.065124604283604448e+00 5.256685584881715556e+00 -3.496004035198845283e-01 1.538114965103577203e-01 3.291696694196747597e+00 8.217984271068180802e-02 6.531605514297235127e-01 2.138808576986299115e-01 -7.056228606146640603e-01 -5.088001913877323590e-01 4.023366701336806295e-01 7.285304295915108197e-01 -1.361163434792929117e-01 1.471084511763557923e-01 2.600761270952096638e+00 4.316643920448576255e-01 2.171984897208537324e-01 3.425421182305061207e-01
5.065449486823193403e+00 5.065449486823193403e+00 5.065449486823193403e+00 5.255739628033503585e+00 -3.487598174383881866e-01 1.507310218875203556e-01 3.307536868333152746e+00 -5.328301449722160077e-02 6.545759014724441549e-01 2.424752365009645860e-01 -7.069501931137054385e-01 -4.765832708454924571e-01 4.237792255459669755e-01 7.707934890862843114e-01 -1.422567031887816691e-01 1.549107868152712897e-01 2.598896540553461865e+00 4.567848402386803786e-01 2.117390654212115975e-01 3.177651819829161450e-01
5.066214171775205166e+00 5.066214171775205166e+00 5.066214171775205166e+00 5.253559641987067153e+00 -3.469348380284567601e-01 1.568754169504893159e-01 3.288364211630724121e+00 -7.123887068844020343e-02 6.608305326046141071e-01 2.448986718051924805e-01 -7.127770568791577110e-01 -4.650809479995934304e-01 4.214072906877030511e-01 7.963110186642433641e-01 -1.235747150360683305e-01 1.488950072437673633e-01 2.596170996992301916e+00 4.614560392836607461e-01 2.229699023160544025e-01 2.887967465386599430e-01
5.067848108748318481e+00 5.067848108748318481e+00 5.067848108748318481e+00 5.249150100259269536e+00 -3.394419886190990776e-01 1.142945715191484024e-01 3.308792188552617031e+00 -3.197785950625078311e-01 6.707125188120052206e-01 2.527426169099809550e-01 -7.162767174481109445e-01 -4.615135740247751084e-01 4.293081523511891873e-01 8.406897447264404244e-01 -1.459745223997389041e-01 1.712852652118085073e-01 2.598998524838152857e+00 4.831592315745829036e-01 2.261070133456293541e-01 2.708937543950126203e-01
5.068484417909113304e+00 5.068484417909113304e+00 5.068484417909113304e+00 5.248019757598256341e+00 -3.413458848384927080e-01 1.172135368619203338e-01 3.288427719857859532e+00 -2.691781264004621255e-01 6.729880682580522411e-01 2.324709328158157395e-01 -7.187772728592449756e-01 -4.746555362357267049e-01 4.145554475159725638e-01 8.360242685413781238e-01 -1.300525020415355393e-01 1.576422162165650454e-01 2.598219708995670452e+00 4.714654578075281322e-01 2.361262191376277408e-01 2.661552233013244617e-01
5.068387059116117754e+00 5.068387059116117754e+00 5.068387059116118643e+00 5.248277062927315662e+00 -3.424711487584589098e-01 1.166201198563226876e-01 3.292159318009225455e+00 -2.796496907593709058e-01 6.732748752380475210e-01 2.272192459372499584e-01 -7.174071072865784160e-01 -4.811565720979881222e-01 4.133247859079171027e-01 8.318737137913916335e-01 -1.341620535060922270e-01 1.581873977071372450e-01 2.599158551497839920e+00 4.706481596011173330e-01 2.345696001566281719e-01 2.693622453110651738e-01
5.068179637038583429e+00 5.068179637038583429e+00 5.068179637038583429e+00 5.248657339191475479e+00 -3.446329175901490793e-01 1.219327670084674325e-01 3.295526430338260315e+00 -3.011100296808096877e-01 6.753647825181374742e-01 2.216169425025637796e-01 -7.161599556328300809e-01 -4.871570735029873700e-01 4.133091464701515449e-01 8.290364124348561514e-01 -1.375984018089128902e-01 1.569602918821381143e-01 2.599469600839697137e+00 4.705669566362794543e-01 2.332543626726965857e-01 2.664671477927319510e-01
5.067811363302909378e+00 5.067811363302909378e+00 5.067811363302909378e+00 5.249178790746586110e+00 -3.471787921928020659e-01 1.337481026624043889e-01 3.296364808687130221e+00 -3.160813262035592208e-01 6.773844324498002889e-01 2.178774939725430793e-01 -7.155888558227180285e-01 -4.901253663032476005e-01 4.135661109043194394e-01 8.257124720151192143e-01 -1.370582214494629192e-01 1.528177580473212005e-01 2.598275252987993333e+00 4.695647633151174838e-01 2.324660178466179672e-01 2.587391198395198599e-01
5.067402216419077732e+00 5.067402216419077732e+00 5.067402216419077732e+00 5.249693620415094131e+00 -3.489579534028952046e-01 1.478900756445316045e-01 3.294489574317345681e+00 -3.283585505156774165e-01 6.791783004526559253e-01 2.165511154862790610e-01 -7.159581299566676327e-01 -4.894708773365034626e-01 4.130935984084997958e-01 8.217172326354488243e-01 -1.329267933942331059e-01 1.463135141234981340e-01 2.596368618623118074e+00 4.668742175482824552e-01 2.330983236486663668e-01 2.482477536862680301e-01
5.067008688771039715e+00 5.067008688771040603e+00 5.067008688771040603e+00 5.250056424425589618e+00 -3.490927991506179162e-01 1.602242594627531491e-01 3.291069722718940049e+00 -3.420123549445631683e-01 6.799626974492400944e-01 2.170689846110117338e-01 -7.171003303376221050e-01 -4.868976389100218571e-01 4.109804582832741193e-01 8.166057995396462932e-01 -1.267419327571568943e-01 1.391604675048701556e-01 2.594589918938812190e+00 4.634941581334279248e-01 2.347218246072870496e-01 2.400693802257874154e-01
5.066523699834299954e+00 5.066523699834299954e+00 5.066523699834299954e+00 5.250516399633871956e+00 -3.476948268767561245e-01 1.743968349529006756e-01 3.285622154997870137e+00 -3.659250966898074942e-01 6.800291411691026244e-01 2.184978141445474142e-01 -7.191912460796039408e-01 -4.828383737810515441e-01 4.055126309263185069e-01 8.071964729252457671e-01 -1.173614751103124743e-01 1.291268106205060440e-01 2.593172075333719295e+00 4.581335897414755554e-01 2.377917118963380760e-01 2.339554091571864336e-01
5.066084008489325718e+00 5.066084008489324830e+00 5.066084008489324830e+00 5.250961252353980591e+00 -3.450362256221385371e-01 1.860375501057208725e-01 3.280225657392310534e+00 -3.978671097698323611e-01 6.790933708963277082e-01 2.195776949707290426e-01 -7.215302872043550808e-01 -4.800184467892196216e-01 3.972016007636698931e-01 7.953578525869046123e-01 -1.080711290841429723e-01 1.199130973687191487e-01 2.593077926448669412e+00 4.530650296995775150e-01 2.410381023724930405e-01 2.350139443938205619e-01
5.065937313638266382e+00 5.065937313638266382e+00 5.065937313638266382e+00 5.251224681686502471e+00 -3.429186712939208403e-01 1.902997692904689619e-01 3.277791140902259315e+00 -4.241108705656497779e-01 6.781074422065811458e-01 2.193183793340441334e-01 -7.228749263415065185e-01 -4.800716529842248281e-01 3.903432111715214869e-01 7.874434553885288901e-01 -1.038332043361059470e-01 1.163045552043953101e-01 2.594306410273726105e+00 4.505782939215624561e-01 2.426641203940849423e-01 2.420769891441743038e-01
5.065993087934544725e+00 5.065993087934545613e+00 5.065993087934544725e+00 5.251259546700989489e+00 -3.422931901676429245e-01 1.897971225348855095e-01 3.277672341114755472e+00 -4.331904792476039545e-01 6.779887878249183375e-01 2.182679227677207234e-01 -7.230441652377852524e-01 -4.816654178153125243e-01 3.880985415296454577e-01 7.860665139587474926e-01 -1.037969456406620528e-01 1.171997955768163541e-01 2.595124643001954112e+00 4.501971623513089660e-01 2.425514135463958942e-01 2.473753709633002840e-01
5.066059583431983704e+00 5.066059583431983704e+00 5.066059583431983704e+00 5.251285780656216318e+00 -3.421928247287879254e-01 1.894563102347315287e-01 3.277788111185571118e+00 -4.347549635407651492e-01 6.782948807410239533e-01 2.176236253730370329e-01 -7.229966664811423582e-01 -4.825039728448196619e-01 3.878065854028385218e-01 7.866111159895232685e-01 -1.041181444444899545e-01 1.181589000271758977e-01 2.595311501709724578e+00 4.494655097864231341e-01 2.422913168912873838e-01 2.494845159520469591e-01
5.066140855102582385e+00 5.066140855102582385e+00 5.066140855102582385e+00 5.251363759550043753e+00 -3.419089879280574062e-01 1.900380022541104386e-01 3.277881340487121431e+00 -4.364078279537822458e-01 6.789460137801123230e-01 2.169003958296679135e-01 -7.229899642483775812e-01 -4.833255924300632889e-01 3.878219021157908730e-01 7.881086188003690873e-01 -1.042391158406040380e-01 1.194497358012516636e-01 2.595250966257424352e+00 4.472940626762259564e-01 2.419449866758574264e-01 2.520716887917508475e-01
5.066189380642236451e+00 5.066189380642236451e+00 5.066189380642236451e+00 5.251499743558775357e+00 -3.413099360359022616e-01 1.922022793243531036e-01 3.277788834180733080e+00 -4.383115303860888323e-01 6.796766584272330158e-01 2.166147301630525768e-01 -7.231600716150715646e-01 -4.833633060125249181e-01 3.881118425627940183e-01 7.900044549200332389e-01 -1.037912537137982705e-01 1.202072549545746827e-01 2.594923871787915282e+00 4.437250664342554662e-01 2.418750353754944848e-01 2.539155282425254456e-01
5.066161901174382365e+00 5.066161901174383253e+00 5.066161901174383253e+00 5.251611456354312146e+00 -3.406152675211668868e-01 1.949930478639915754e-01 3.277540755769618119e+00 -4.396658317152933315e-01 6.799494808225782227e-01 2.169079468115160392e-01 -7.234503963652528791e-01 -4.826586942391510870e-01 3.884497770867522126e-01 7.911747615824598068e-01 -1.029879611592149358e-01 1.200143149901389261e-01 2.594565008959608399e+00 4.406807109902353137e-01 2.421415677783409770e-01 2.542393875221404254e-01
5.066161901174382365e+00 5.066161901174383253e+00 5.066161901174383253e+00 5.251611456354312146e+00 -3.406152675211668868e-01 1.949930478639915754e-01 3.277540755769618119e+00 -4.396658317152933315e-01 6.799494808225782227e-01 2.169079468115160392e-01 -7.234503963652528791e-01 -4.826586942391510870e-01 3.884497770867522126e-01 7.911747615824598068e-01 -1.029879611592149358e-01 1.200143149901389261e-01 2.594565008959608399e+00 4.406807109902353137e-01 2.421415677783409770e-01 2.542393875221404254e-01
