-1.045590996109167781e-01
-1.111824199279635161e-01
-3.856295570788131899e-02
-5.287757042207792413e-01
-6.211383576297367926e-01
-7.722417476974722250e-01
-6.483060637733534248e-01
-9.510726845640448124e-01
-1.042913153876309007e+00
-1.246404731259985521e+00
-1.126813850348919566e+00
-1.140480847448451129e+00
-1.217887076909359045e+00
-1.401047820323139348e+00
-1.349201806236627554e+00
-1.448351508366288787e+00
-1.513734596960873979e+00
-1.550559601272880395e+00
-1.561470535141446181e+00
-1.602381371968467416e+00
-1.590327899414814450e+00
-1.647957568317267585e+00
-1.651148441608634831e+00
-1.654210418701833385e+00
-1.685941795405887733e+00
-1.694937145389346700e+00
-1.709920353539629678e+00
-1.725061198938985907e+00
-1.737151090363040939e+00
-1.747848579687368398e+00
-1.760287446789005061e+00
-1.763896392979701799e+00
-1.776960585559438144e+00
-1.783654502757655802e+00
-1.790529171772757611e+00
-1.794751021551636905e+00
-1.799478186926916745e+00
-1.803344592329636953e+00
-1.807944541624453949e+00
-1.812738366364341491e+00
-1.817576466274845259e+00
-1.822800076596077234e+00
-1.826017530444397519e+00
-1.829062068306746225e+00
-1.832326635636221557e+00
-1.835831889699543362e+00
-1.838328021497427134e+00
-1.844082387079683194e+00
-1.848200796060551987e+00
-1.853110254586279648e+00
-1.857544004910348212e+00
-1.860656506495873774e+00
-1.864537755556530563e+00
-1.868261703051249167e+00
-1.871540106034612849e+00
-1.868293782818621018e+00
-1.875037215806712121e+00
-1.879271648351697799e+00
-1.880400833617761780e+00
-1.883329178137863602e+00
-1.885517900451663564e+00
-1.887362166955780074e+00
-1.887994817707649764e+00
-1.890123015597045431e+00
-1.890963589090987940e+00
-1.891914833671028529e+00
-1.892966857722418128e+00
-1.894176112142657686e+00
-1.895478652168169464e+00
-1.896872437105774578e+00
-1.897942333276828375e+00
-1.899036674105867295e+00
-1.900073519273625777e+00
-1.901109245909458512e+00
-1.902303087823137728e+00
-1.903247665785687603e+00
-1.904026339421598379e+00
-1.904967339383117464e+00
-1.906220701447272514e+00
-1.907262471807330328e+00
-1.908457618873061534e+00
-1.909444066516745142e+00
-1.910419660731283997e+00
-1.911286103688222715e+00
-1.912033290269506969e+00
-1.912507425996668120e+00
-1.913035369824430898e+00
-1.913379168784529405e+00
-1.913687843332956051e+00
-1.913888843215514779e+00
-1.914072602563858361e+00
-1.914298178781461690e+00
-1.914513929996867203e+00
-1.914733051151582321e+00
-1.914959935745225827e+00
-1.915213481979063603e+00
-1.915509238499869982e+00
-1.915797615532161213e+00
-1.916054722625841755e+00
-1.916349112961605261e+00
-1.916349112961605261e+00
