4.320077180104040515e-01 1.000000000000000000e+00 3.109765219719044099e-02 8.365243001025347847e-02
4.753371953205847156e-01 9.999999999999996669e-01 4.996389317543140779e-02 8.365241510909228462e-02
7.317408690394217041e-01 1.000000000000000000e+00 2.191471783301290610e-01 8.365240159506159845e-02
9.999999999999990008e-01 9.999999999999995559e-01 5.506744844496573865e-01 8.365235116582039887e-02
9.999999999999915623e-01 9.999999999999994449e-01 8.308843105891947634e-01 8.365228535672591947e-02
1.000000000000000000e+00 5.222896906000582540e-01 3.991032535174957374e+00 8.365157467914527412e-02
1.000000000000000000e+00 9.999999999999995559e-01 1.775505829930043689e+00 8.365206222756944865e-02
0.000000000000000000e+00 1.259618314643320414e-01 3.027398629428647681e+00 8.365172356865561987e-02
5.852641229801931466e-01 0.000000000000000000e+00 3.253083550992798667e+00 8.365173594240139787e-02
9.999999999997988276e-01 3.420545835376026542e-14 3.398285319666568327e+00 8.365173920344456948e-02
8.317691685530391732e-01 1.232091722363433933e-16 3.284859588536940045e+00 8.365175279879699666e-02
9.052786369842188430e-01 0.000000000000000000e+00 3.133816597117752956e+00 8.365177362419452811e-02
9.085694680542922841e-01 2.409467343871398142e-03 3.141901727851768467e+00 8.365177246699102842e-02
9.076175429551868179e-01 0.000000000000000000e+00 3.142227628015170637e+00 8.365177262533805835e-02
9.051651553383431859e-01 4.345806306628263271e-04 3.140813554614346970e+00 8.365177262906429989e-02
