2.201288476227782987e-04 1.000000000000000000e+00 7.073020793007543661e-02 2.463373003118917229e-02
2.531349196671508301e-04 9.999999999999996669e-01 1.126508251528613863e-01 2.463371513002797844e-02
4.434973030809670068e-04 9.999999999999997780e-01 4.460545345394061889e-01 2.463371513000578439e-02
9.999999999998668808e-04 1.000000000000000000e+00 6.843583388449712146e+00 2.463364062318512335e-02
7.641016595659780005e-04 1.000000000000000000e+00 1.898153459628140860e+00 2.463369160423471010e-02
9.999999999999995871e-04 8.209811083530216269e-02 2.742198342623729079e+00 2.463362575815710928e-02
1.000000000000000021e-03 2.775557561562891351e-17 3.328108266126266646e+00 2.463361984663478207e-02
1.000000000000000021e-03 3.996796922555525153e-19 3.138018989608415854e+00 2.463362154439451349e-02
1.000000000000000021e-03 4.179211468042031870e-09 3.141613071224504949e+00 2.463361792787496785e-02
1.000000000000000021e-03 4.179211468042031870e-09 3.141613071224504949e+00 2.463361792787496785e-02
