-2.439357600921905622e-02
3.228954432853957668e-01
1.478911068893046799e-01
2.591954971061165569e-01
4.014630214926658003e-02
-4.250733090552461513e-01
-1.460777800139851645e-01
-6.270392054799366344e-01
-2.490564700038205570e-01
-5.494938306826298025e-01
-6.878850411574303214e-01
-7.020438557830303017e-01
-7.119099056627002930e-01
-7.166955599003417277e-01
-7.177708877917517993e-01
-7.171224782423899491e-01
-7.176938431707473587e-01
-7.180822970868753208e-01
-7.180880259335185034e-01
-7.180880259335185034e-01
