4.422106105453749332e-03 9.303441190449464326e-02 1.000000000000000000e+00 1.000000000000000000e+00 1.594503731455277837e-02 9.015798838318496433e-02 4.883542090018833798e-03 6.307217164627641759e-02
1.000000000000000056e-01 1.000000000000000056e-01 1.000000000000000000e+00 9.999999999999998890e-01 9.399967095347828705e-01 6.195309785145631798e-01 4.883527188857639950e-03 6.307215674511522374e-02
1.000000000000000056e-01 9.999999999999997780e-02 9.999999999999998890e-01 9.999999999999997780e-01 2.585845535069840384e+00 1.124350538287957502e+00 4.883525455769023756e-03 6.307215045287274668e-02
1.000000000000000056e-01 1.000000000000000056e-01 8.365269137258938281e-01 9.999999999999998890e-01 2.093946148292882725e+00 6.732811239988819585e-01 4.883523733494843713e-03 6.307215065346810645e-02
1.000000000000000056e-01 1.000000000000000056e-01 8.387713196929519333e-01 9.969331195406631041e-01 2.056488480030902455e+00 6.843725162223147640e-01 4.883520364343941871e-03 6.307214379659283054e-02
1.000000000000000056e-01 9.999999999999999167e-02 8.436590135639990828e-01 9.989869585549686626e-01 2.055908657973957165e+00 6.823946357469037327e-01 4.883518634385739139e-03 6.307214365023461333e-02
9.999999999999999167e-02 1.000000000000000056e-01 8.530459290249829962e-01 1.000000000000000000e+00 2.050338189708002634e+00 6.767867906156314062e-01 4.883504671786567664e-03 6.307213708637895988e-02
1.000000000000000056e-01 1.000000000000000056e-01 9.112604482205324263e-01 1.000000000000000000e+00 2.010084601400747850e+00 6.373791576504725942e-01 4.883449007555336341e-03 6.307211312266823577e-02
1.000000000000000056e-01 9.999999999999996392e-02 9.999999999999997780e-01 1.000000000000000000e+00 1.941893333658961218e+00 5.729707070325794627e-01 4.883341050465892993e-03 6.307206037236944007e-02
1.000000000000000056e-01 1.000000000000000056e-01 1.000000000000000000e+00 1.000000000000000000e+00 1.937108039896882516e+00 5.666171122924934522e-01 4.883334781404167525e-03 6.307206557685493542e-02
1.000000000000000056e-01 1.000000000000000056e-01 1.000000000000000000e+00 1.000000000000000000e+00 1.927845805870256557e+00 5.633939391999888135e-01 4.883319530094700454e-03 6.307206084926131329e-02
1.000000000000000056e-01 1.000000000000000056e-01 9.999999999999998890e-01 1.000000000000000000e+00 1.926524434768043248e+00 5.640295467536112772e-01 4.883323742283319190e-03 6.307206194903360041e-02
1.000000000000000056e-01 1.000000000000000056e-01 9.999999999999998890e-01 1.000000000000000000e+00 1.926524434768043248e+00 5.640295467536112772e-01 4.883323742283319190e-03 6.307206194903360041e-02
