1.045355931319899012e+00 5.220955504807460734e-01 1.796916616333240402e+00 2.622656850858606781e-01 7.588511158870117623e-02 4.078565164251179986e-02 1.078865146141361198e-03 8.767055394471118257e-02 9.425093214517443752e-02 2.211339847290015939e-02 3.497243545755410882e-02 7.142253626741960904e-02
7.783460864332164553e-01 7.783460864332168994e-01 1.028202124067704393e+00 1.028202124067705281e+00 2.511043195907916026e-01 1.079020611826881915e-01 1.393948110098651161e-01 2.221426856738371591e-01 2.038729337931236563e-01 1.693549461766431508e-01 8.326626442178750032e-02 2.419253479377229676e-01
3.617465738187659596e-01 4.973247843085349396e-01 4.973247843085427666e-01 1.999999999999995559e+00 8.871527868422864893e-01 3.342300383769633010e-01 6.740628207440544362e-01 7.086077339273284537e-01 6.015771913514347258e-01 7.235454459187515841e-01 2.467895451405245355e-01 8.875576372580920026e-01
5.672200386676348183e-01 6.301759961555745138e-01 6.301759961555745138e-01 1.733962416113775440e+00 7.236487723340598865e-01 3.928454173781132930e-01 5.164281712395147883e-01 6.619765269848730815e-01 5.843970411087167083e-01 5.965617858737986001e-01 3.757138951949889893e-01 7.833512056171598736e-01
5.022345004545694103e-01 5.022345004545694103e-01 5.022345004545695213e-01 1.801970644017133472e+00 7.759916729142684044e-01 4.754991128300735115e-01 5.734751040514406428e-01 7.487600269378388296e-01 6.974534220283544750e-01 6.863265879283712012e-01 5.118317301661792218e-01 8.678997305420157460e-01
4.829264009030669325e-01 4.829264009030669325e-01 4.829264009030669325e-01 1.628750668462860762e+00 7.746073691772401570e-01 4.538002527657246099e-01 5.528058663771711068e-01 7.425953881925310140e-01 7.328697529833737567e-01 6.658330560088726591e-01 6.195244710565415147e-01 8.628223238693075725e-01
3.020475016250762645e-01 3.738116877429781826e-01 3.738116877429782381e-01 3.738116877429782381e-01 8.098083489657723621e-01 2.072533874788148045e-01 4.068306403285146255e-01 6.444099429393156386e-01 8.563288438358227506e-01 4.661627130397360541e-01 1.221204217494246569e+00 8.614064683273964240e-01
3.784522221401637188e-01 4.539155950979263388e-01 4.539155950979261722e-01 8.579613037324519409e-01 8.456379948064361995e-01 1.893396266832425290e-01 4.596913169261010457e-01 6.211300080320650840e-01 7.797194470343863371e-01 5.265753269687009075e-01 9.508542582387397024e-01 9.218875078211268281e-01
4.137595451510867606e-01 5.041336660049512419e-01 5.041336660049512419e-01 9.506274743034944796e-01 9.080945701314487861e-01 1.048417528317437952e-01 4.658839257571559256e-01 6.004763639038720457e-01 7.596727999256858155e-01 5.160066023511069577e-01 9.221090745122498822e-01 9.481749130113888979e-01
5.078817752811586317e-01 6.248846183650493824e-01 6.248846183650494934e-01 1.005250995532207092e+00 1.098218533406014830e+00 -1.103434680482676955e-01 4.589556458673706985e-01 5.739250142991475512e-01 7.710844133505263542e-01 4.482000753762917511e-01 1.039219094332448634e+00 9.983390142768260311e-01
5.547387355272667131e-01 7.068527498666058451e-01 7.068527498666057340e-01 9.365099194809716199e-01 1.293607605014828188e+00 -3.546085456583276674e-01 4.251068546239830104e-01 5.676876492666939056e-01 7.949536549617631787e-01 3.386874353763802414e-01 1.248973228898505816e+00 1.005223950427531099e+00
5.233108504324858190e-01 6.992526416992598248e-01 6.992526416992598248e-01 8.468312996263507308e-01 1.374734644705046138e+00 -4.863631127550341327e-01 3.686740570314747112e-01 6.084535801842579916e-01 7.966521399479596921e-01 2.452770064626549895e-01 1.404661216977050930e+00 9.623190374272448944e-01
4.513925157686782819e-01 6.772687418183044317e-01 6.772687418183044317e-01 8.338998131013442006e-01 1.529514252488897830e+00 -7.221291499009647730e-01 2.432008770582058388e-01 7.641136724274493197e-01 7.483908209816367840e-01 5.669107847264284739e-02 1.665549195625753320e+00 8.710356981266327292e-01
3.784495987064012690e-01 6.661440939834354369e-01 6.661440939834354369e-01 9.221981485046204519e-01 1.700330186411813882e+00 -1.007630524200655797e+00 8.132312222384024958e-02 1.047009670144039450e+00 6.157393288433926637e-01 -1.945835334430452701e-01 1.997185052459264476e+00 7.934899297939017604e-01
3.947455262658203790e-01 6.747881110142203154e-01 6.747881110142202044e-01 1.046842981172879661e+00 1.798730986695485701e+00 -1.201792525154602886e+00 -1.768358286842428018e-02 1.372325871064992153e+00 4.322044142019958457e-01 -4.059446840151965663e-01 2.270434654487834436e+00 7.430878526280811913e-01
4.640125212475452732e-01 6.277312315809032706e-01 6.277312315809032706e-01 1.055238744494863656e+00 1.688927847548319372e+00 -1.113033964292450717e+00 -4.729485117802534333e-02 1.610184461501138697e+00 3.029653004962403751e-01 -4.326793880746930276e-01 2.271823925862149984e+00 7.002457204640439858e-01
6.136938313122524136e-01 6.136938313122525246e-01 6.136938313122525246e-01 1.020777157943765667e+00 1.699342599142640076e+00 -1.211984574389896041e+00 -1.728269423905619551e-01 2.135899595842877030e+00 5.672993625946262664e-02 -6.025030095132714036e-01 2.492071526108653678e+00 5.568954717031355806e-01
6.401457009201830806e-01 6.401457009201830806e-01 6.401457009201829695e-01 9.758119920373496958e-01 1.589487269497208421e+00 -1.043467799586837996e+00 -1.271529407571109771e-01 2.037780774997949518e+00 1.507645546358435396e-01 -4.461104342045373317e-01 2.278268030658096688e+00 5.692627887762354844e-01
6.168801957731768759e-01 6.928529108602156095e-01 6.928529108602156095e-01 9.502515028586808743e-01 1.649676975590246508e+00 -1.114506521540128636e+00 -1.681654164594382772e-01 2.099128119107662727e+00 1.515364406629333416e-01 -4.936028627642421451e-01 2.336382276082368037e+00 5.557510629999986573e-01
6.224975330690023512e-01 7.687904525341592299e-01 7.789420134879609936e-01 9.239464120076075204e-01 1.747190702394808559e+00 -1.211760284396606879e+00 -3.344298404302197270e-01 2.405384218892926196e+00 1.267404743031188830e-01 -5.953510922964678764e-01 2.436033022130357217e+00 4.374474017820042526e-01
6.385945996892202770e-01 8.898697637634986890e-01 9.117063363530283349e-01 9.117063363530283349e-01 1.912616625010250759e+00 -1.288282984888113436e+00 -5.509935714774079063e-01 2.701024770016952736e+00 2.017409166226392103e-01 -6.802152592341793591e-01 2.432030720465378160e+00 2.884467629542019629e-01
7.762645001335612971e-01 1.176383757702939237e+00 1.176383757702939459e+00 1.176383757702938793e+00 2.450152618050184028e+00 -1.396187606895526123e+00 -1.270778424788904459e+00 3.740400254370683797e+00 4.748477388939302268e-01 -9.831116142331564056e-01 2.273188186862414195e+00 -2.423677232409751636e-01
1.014981990948551793e+00 1.302695115850269758e+00 1.302695115850269758e+00 1.302695115850269758e+00 2.765417303819859285e+00 -1.439481964193010777e+00 -1.952384334925986842e+00 4.864713238047839283e+00 5.548273810439180442e-01 -1.254560520720938710e+00 2.213255590374697324e+00 -6.999353288343538315e-01
7.779418569344126455e-01 8.919158053983886614e-01 9.143445965299359379e-01 1.236731377377139562e+00 2.174663289949171130e+00 -1.246498135058230705e+00 -1.080887027663628430e+00 3.441319172299008411e+00 3.666505292439572461e-01 -8.669057239014534844e-01 2.262456554642916284e+00 -6.071803492045239892e-02
9.104764168557506476e-01 1.012058617890595702e+00 1.019179487769884318e+00 1.019179487769884096e+00 2.367469939625756581e+00 -1.379671902629130642e+00 -1.445048331015987397e+00 3.665785284090006702e+00 5.410344117272049003e-01 -9.044624068673149386e-01 2.217493510269092027e+00 -1.353625737618547875e-01
8.850758131037340659e-01 8.850758131037340659e-01 8.850758131037340659e-01 9.596287772208054179e-01 2.228211594978536159e+00 -1.344338442650655052e+00 -1.259212400579301727e+00 3.109450872423593637e+00 6.032965551039890517e-01 -7.553048410615904595e-01 2.164072104474009439e+00 1.169502598638450797e-01
9.033344529963658331e-01 9.033344529963658331e-01 9.429140792673454952e-01 9.429140792673456062e-01 2.285298774872162042e+00 -1.439501838840196113e+00 -1.294046194958411000e+00 2.982399230495428100e+00 6.885327380793615504e-01 -7.292596455986939397e-01 2.180399862703018776e+00 1.656802572633046255e-01
8.941236431509308469e-01 8.941236431509308469e-01 9.635837178900071853e-01 9.635837178900070743e-01 2.356460274375051345e+00 -1.560310870428725405e+00 -1.406105967932528955e+00 2.919005024739433463e+00 7.826587937719708954e-01 -7.641105252994299102e-01 2.263403000543568577e+00 2.015290100217504710e-01
8.774885010827048193e-01 8.774885010827047083e-01 9.730236494322475060e-01 9.730236494322476171e-01 2.367533415858613655e+00 -1.574618395895054368e+00 -1.430399426622436909e+00 2.850941983778390032e+00 8.033876811329321299e-01 -7.480515232195004138e-01 2.291733249332983835e+00 2.169083938271614276e-01
8.606146148319900879e-01 8.606146148319899769e-01 9.866360041522420632e-01 9.866360041522419522e-01 2.387071986890466846e+00 -1.572972987458377769e+00 -1.491038245219979741e+00 2.788519561483257636e+00 7.999293228331296746e-01 -7.212385845292708098e-01 2.350624413228854959e+00 2.100924546422101302e-01
8.256896314160738770e-01 8.256896314160737660e-01 1.011419009818194326e+00 1.011419009818194104e+00 2.454955526455021353e+00 -1.517687813919470496e+00 -1.686348852500305417e+00 2.525578850405771014e+00 7.834432573036763658e-01 -5.848648861334277971e-01 2.506899540729051079e+00 1.775688596515523909e-01
8.336389251150265745e-01 8.336389251150265745e-01 1.001806822796290186e+00 1.001806822796290186e+00 2.493245290516517887e+00 -1.475854375797384099e+00 -1.778649688475128610e+00 2.403229814086514704e+00 7.676082294128658834e-01 -5.204851401660255394e-01 2.555839583421609440e+00 1.516661373609254349e-01
8.736791702999633369e-01 8.736791702999634479e-01 9.614281359017943229e-01 9.614281359017943229e-01 2.534736117939158540e+00 -1.387917155953192427e+00 -1.853913357727049016e+00 2.284136784022010147e+00 7.210478766977455045e-01 -4.630585198613293429e-01 2.537947201899964256e+00 1.104884603952278332e-01
8.813343697512545649e-01 8.813343697512544539e-01 9.549962096704793790e-01 9.549962096704797121e-01 2.559458835880974448e+00 -1.361904560677965392e+00 -1.884402485654097958e+00 2.271019940729688269e+00 7.013284608103294016e-01 -4.756176615923793372e-01 2.498432146519429686e+00 1.054748235426247738e-01
8.883283545595791475e-01 8.883283545595791475e-01 9.533251129189617146e-01 9.533251129189616035e-01 2.628806811207735183e+00 -1.300388821122903549e+00 -1.997672448474609785e+00 2.178214529430207769e+00 6.768529531664145837e-01 -4.935080133577195438e-01 2.396620491405611286e+00 1.239065840182854705e-01
9.011009196434438540e-01 9.011009196434437429e-01 9.613904022434194285e-01 9.613904022434195396e-01 2.623186546517970896e+00 -1.317049158197002745e+00 -2.014849598066163150e+00 2.246008187977023507e+00 6.745804544476848852e-01 -5.546732334411634824e-01 2.335921406599351435e+00 1.566521767836077106e-01
9.133617038673748079e-01 9.133617038673748079e-01 9.696566245174946808e-01 9.696566245174946808e-01 2.625605256445140423e+00 -1.306498216065617779e+00 -2.121077146049215045e+00 2.189054521125161301e+00 6.828078651998736870e-01 -5.538820513629136855e-01 2.323576989159086281e+00 1.975249510473258141e-01
1.043708802889788956e+00 1.043708802889788956e+00 1.043708802889788956e+00 1.043708802889788956e+00 2.485009316266710844e+00 -1.114219051732154631e+00 -2.872302300990375201e+00 1.950639452418049036e+00 6.811142501017697359e-01 -5.477959973475662325e-01 2.163461723981017215e+00 4.931152573329468658e-01
1.018942597138798423e+00 1.018942597138798645e+00 1.018942597138798423e+00 1.018942597138798423e+00 2.431784002847386716e+00 -1.128417379555553879e+00 -2.652285873582575171e+00 2.160689915311625242e+00 6.681277377611432033e-01 -6.072274508158778117e-01 2.155509771825845355e+00 4.388940295003250225e-01
1.052515147523894967e+00 1.052515147523894745e+00 1.052515147523895189e+00 1.052515147523894745e+00 2.357261671490472832e+00 -1.034583290226050334e+00 -2.825684722622015421e+00 2.246342714006841046e+00 6.724876923780734872e-01 -6.716946871777880190e-01 2.087297831169937723e+00 4.807855415724301418e-01
1.099329829281981086e+00 1.099329829281980864e+00 1.099329829281981308e+00 1.099329829281981086e+00 2.293777797332895663e+00 -8.181019005724481374e-01 -3.096109076963062812e+00 2.350144203066795612e+00 7.703118264425384831e-01 -7.787310022847726554e-01 1.963669896508993151e+00 4.717049785850619403e-01
1.112058043874379010e+00 1.112058043874379010e+00 1.112058043874378788e+00 1.112058043874378788e+00 2.216831290398969312e+00 -5.792126264604839925e-01 -3.176291999512607767e+00 2.506696581507837696e+00 8.788269670502039110e-01 -8.599398053085266502e-01 1.894978405617435246e+00 3.799560398591517174e-01
1.172052661773735460e+00 1.172052661773735904e+00 1.172052661773735460e+00 1.172052661773735682e+00 1.924400165036213473e+00 3.199076557622458905e-01 -3.644501075498042475e+00 2.896840536931619248e+00 1.161158830296091571e+00 -1.099412488793657827e+00 1.663339198936975016e+00 1.863978426129829780e-01
1.140475393067864385e+00 1.140475393067864163e+00 1.140475393067864385e+00 1.140475393067864385e+00 2.031093290126231299e+00 4.959257379191008286e-01 -3.581711552689645917e+00 2.776738857535061111e+00 1.236831972255781675e+00 -1.055138716776920838e+00 1.764122122907259671e+00 3.762178904948138003e-02
1.115408071585085148e+00 1.115408071585085370e+00 1.115408071585085148e+00 1.115408071585085370e+00 2.152744704172267820e+00 3.925262508141045825e-01 -3.470496318319614026e+00 2.604083234225210042e+00 1.160085572836944134e+00 -9.736009122059472443e-01 1.893242489666169703e+00 2.203208446386600849e-02
1.090407232526126258e+00 1.090407232526126036e+00 1.090407232526126702e+00 1.090407232526126258e+00 2.282927749639312331e+00 4.564813889905440791e-01 -3.396345314704231733e+00 2.426443425336092918e+00 1.175367202214886220e+00 -9.111656548290152369e-01 2.087772718602109112e+00 -8.183458691985710798e-02
1.069592584707064642e+00 1.069592584707064642e+00 1.069592584707064642e+00 1.069592584707064642e+00 2.758874921311312178e+00 7.685744900073325780e-01 -3.510608399358416953e+00 1.949054859840868792e+00 1.376257464279524667e+00 -8.933007132230089686e-01 2.800812403679150631e+00 -4.550184291477456511e-01
1.089755589027380678e+00 1.089755589027380900e+00 1.089755589027381344e+00 1.089755589027380900e+00 2.885194120751123137e+00 1.429143588000657550e-01 -3.464126478597196801e+00 1.896403240046627303e+00 1.223100614215193449e+00 -9.176688673280439801e-01 2.939501465140689884e+00 -2.306676608134355932e-01
1.110033975923546912e+00 1.110033975923546468e+00 1.110033975923546912e+00 1.110033975923546912e+00 2.714188065030995745e+00 2.072055046901950526e-01 -3.549348019898836082e+00 2.159660302698141798e+00 1.118635038847234586e+00 -9.984452321689520904e-01 2.609301825259683572e+00 -1.152445589483959698e-01
1.120460588031498839e+00 1.120460588031499061e+00 1.120460588031499061e+00 1.120460588031499061e+00 2.800484980334372320e+00 2.854990649348196352e-01 -3.611487879978972693e+00 2.231443576811072749e+00 1.065214732385485696e+00 -1.103355598482869349e+00 2.645909433976658676e+00 -1.065980127104688979e-01
1.132003394453957368e+00 1.132003394453957590e+00 1.132003394453956924e+00 1.132003394453957368e+00 2.909782063485177872e+00 3.183352649050174010e-01 -3.610696032485550599e+00 2.324231386771182795e+00 1.048072975134765938e+00 -1.223257952670288917e+00 2.655755367814292445e+00 -2.985081310486592532e-02
1.136259745435634239e+00 1.136259745435634239e+00 1.136259745435633794e+00 1.136259745435634461e+00 2.987899005423744203e+00 3.744758157087731965e-01 -3.656227899483785571e+00 2.355934744104959400e+00 1.051318076376054789e+00 -1.263694255682227263e+00 2.613453631822509671e+00 5.048142188732189506e-02
1.141455511153598001e+00 1.141455511153597779e+00 1.141455511153598223e+00 1.141455511153597779e+00 3.095661419520103319e+00 3.775439599561715154e-01 -3.732926010605960521e+00 2.431093173671140750e+00 1.094748799910309156e+00 -1.277273655105406913e+00 2.547067493067656230e+00 2.131280337011454695e-01
1.143661192792419401e+00 1.143661192792419401e+00 1.143661192792418957e+00 1.143661192792419401e+00 3.181515760764875189e+00 3.962586331591959610e-01 -3.829214191697188241e+00 2.511991950920809735e+00 1.181618035307861581e+00 -1.244182251722377064e+00 2.535023447248973216e+00 3.203703193766590518e-01
1.148451340221640526e+00 1.148451340221640526e+00 1.148451340221640526e+00 1.148451340221640526e+00 3.170255216941479048e+00 3.923885452410511565e-01 -3.890109704174686378e+00 2.633919722684847198e+00 1.248996615615118211e+00 -1.166289629226759050e+00 2.495090690558083413e+00 4.001229816588124377e-01
1.146840543372831922e+00 1.146840543372831478e+00 1.146840543372831700e+00 1.146840543372831700e+00 3.159567679099704485e+00 3.798597836961786767e-01 -3.882615107524597153e+00 2.667591559939970658e+00 1.267354301133739369e+00 -1.130803510110482302e+00 2.558054945288220861e+00 3.781063804559565145e-01
1.147925337423605141e+00 1.147925337423606029e+00 1.147925337423604475e+00 1.147925337423605363e+00 3.156822686475571516e+00 3.854702149399572564e-01 -3.880347583312057314e+00 2.657831280890770476e+00 1.249122003746819587e+00 -1.122831918910860205e+00 2.577390127163506239e+00 3.632362135839319883e-01
1.147821317586263046e+00 1.147821317586263490e+00 1.147821317586262602e+00 1.147821317586263268e+00 3.153995325003013495e+00 3.897737728463405160e-01 -3.866230864801561751e+00 2.646004882093911714e+00 1.231894733541416098e+00 -1.108032720984163833e+00 2.596165676658607424e+00 3.479002117831946350e-01
1.147865313448246605e+00 1.147865313448246383e+00 1.147865313448246383e+00 1.147865313448246383e+00 3.160658868031695157e+00 3.920307125971502771e-01 -3.862504743980251565e+00 2.642838715659597604e+00 1.226432326313108723e+00 -1.099449172860425428e+00 2.605336138110947442e+00 3.437041532803524202e-01
1.147794217427034802e+00 1.147794217427034580e+00 1.147794217427035024e+00 1.147794217427034802e+00 3.163586417090222369e+00 3.919213183831732894e-01 -3.860800224698672789e+00 2.643340295125464756e+00 1.225896323104274543e+00 -1.096230591385154440e+00 2.606045515435443605e+00 3.421187054595656862e-01
1.147793147275495862e+00 1.147793147275496528e+00 1.147793147275494974e+00 1.147793147275495640e+00 3.164717675555534182e+00 3.916892133578974144e-01 -3.861178711202466474e+00 2.643773164684850574e+00 1.226156173848527375e+00 -1.096165389333492612e+00 2.605521664106986268e+00 3.414079933771990150e-01
