1.864274550219225501e+00
1.218930783598151102e+00
2.690998906303920246e-01
-1.562006914631221266e-01
-2.110484179636956115e-01
-2.143517221968259945e-01
-2.226654324626778092e-01
-2.439298392075132105e-01
-2.760840939524250581e-01
-2.780876255608333292e-01
-2.821987712610287136e-01
-2.827105778789607005e-01
-2.845245823493432469e-01
-2.888460097415698202e-01
-2.921053587530209605e-01
-2.936587731193837647e-01
-2.938962525700928308e-01
-2.942363526662379325e-01
-2.948032535783113861e-01
-2.964759267706698065e-01
-2.976635828842614240e-01
-2.980360862808057454e-01
-2.982249214539784976e-01
-2.984170216207417958e-01
-2.987663269430783641e-01
-2.993879914551320076e-01
-3.000893254568010593e-01
-3.007015866830548001e-01
-3.009640492998936212e-01
-3.010650741105670436e-01
-3.011342583371661719e-01
-3.013045733287357808e-01
-3.016181698683991774e-01
-3.022403636078121458e-01
-3.029235974416790711e-01
-3.033926641150260783e-01
-3.035489319214638160e-01
-3.035679075451737652e-01
-3.035862029984336963e-01
-3.036276080449116788e-01
-3.036887776040548270e-01
-3.038097685168121287e-01
-3.039576716437304982e-01
-3.040559142603126430e-01
-3.040782735736964337e-01
-3.040823891737919893e-01
-3.040848966784004404e-01
-3.040889178100762980e-01
-3.040976271866203673e-01
-3.041142642572916555e-01
-3.041365855451486633e-01
-3.041521080294228296e-01
-3.041576268626385304e-01
-3.041592543791441505e-01
-3.041610180576876377e-01
-3.041662034861943864e-01
-3.041781405771725733e-01
-3.042032068446745008e-01
-3.042276484850228724e-01
-3.042449588066394872e-01
-3.042541511372420793e-01
-3.042552786473300408e-01
-3.042566729139391524e-01
-3.042590189240798604e-01
-3.042648420308750046e-01
-3.042775425219383378e-01
-3.043023412462581567e-01
-3.043306855662561983e-01
-3.043492971064668540e-01
-3.043569023366359261e-01
-3.043574625768762920e-01
