1.000000000000000000e+00
1.020000000000000000e+02
1.530000000000000000e+02
2.040000000000000000e+02
2.300000000000000000e+02
2.560000000000000000e+02
2.820000000000000000e+02
3.080000000000000000e+02
3.340000000000000000e+02
3.600000000000000000e+02
3.860000000000000000e+02
4.120000000000000000e+02
4.380000000000000000e+02
4.640000000000000000e+02
4.900000000000000000e+02
5.160000000000000000e+02
5.420000000000000000e+02
5.680000000000000000e+02
5.940000000000000000e+02
6.200000000000000000e+02
6.460000000000000000e+02
6.720000000000000000e+02
6.980000000000000000e+02
7.240000000000000000e+02
7.500000000000000000e+02
8.010000000000000000e+02
8.270000000000000000e+02
8.530000000000000000e+02
8.790000000000000000e+02
9.050000000000000000e+02
9.310000000000000000e+02
9.570000000000000000e+02
9.830000000000000000e+02
1.009000000000000000e+03
1.035000000000000000e+03
1.061000000000000000e+03
1.087000000000000000e+03
1.113000000000000000e+03
1.139000000000000000e+03
1.165000000000000000e+03
1.191000000000000000e+03
1.217000000000000000e+03
1.243000000000000000e+03
1.269000000000000000e+03
