1.000000000000000000e+00
2.400000000000000000e+01
4.600000000000000000e+01
6.800000000000000000e+01
9.000000000000000000e+01
1.140000000000000000e+02
1.360000000000000000e+02
1.580000000000000000e+02
1.800000000000000000e+02
2.020000000000000000e+02
2.240000000000000000e+02
2.460000000000000000e+02
2.680000000000000000e+02
2.900000000000000000e+02
3.120000000000000000e+02
3.340000000000000000e+02
3.560000000000000000e+02
3.780000000000000000e+02
4.000000000000000000e+02
4.220000000000000000e+02
4.440000000000000000e+02
4.660000000000000000e+02
4.890000000000000000e+02
5.110000000000000000e+02
5.330000000000000000e+02
5.550000000000000000e+02
5.770000000000000000e+02
5.990000000000000000e+02
6.210000000000000000e+02
6.430000000000000000e+02
6.650000000000000000e+02
6.870000000000000000e+02
7.090000000000000000e+02
7.310000000000000000e+02
7.530000000000000000e+02
7.750000000000000000e+02
7.970000000000000000e+02
8.190000000000000000e+02
8.410000000000000000e+02
8.630000000000000000e+02
8.850000000000000000e+02
9.070000000000000000e+02
9.280000000000000000e+02
