5.635015276333810164e-02 1.000000000000000000e+00 5.258705987084025257e-02 7.941940791083021423e-02
6.473853793999673201e-02 1.000000000000000000e+00 8.378074838268870228e-02 7.941940791083021423e-02
1.142722411702254137e-01 1.000000000000000000e+00 3.370532222101164654e-01 7.941933340502424499e-02
9.864737708846059716e-01 1.000000000000000000e+00 5.308089622253506334e+00 7.941824834476728101e-02
3.645314303615060370e-01 9.999999999999998890e-01 1.719221652805774880e+00 7.941904172494272662e-02
7.357282357289467445e-01 9.999999999999998890e-01 3.661393937355122308e+00 7.941861246509775152e-02
8.240279988294815228e-01 3.828696281167321969e-01 3.507638337333920386e+00 7.941859619176887264e-02
7.480750351981204638e-01 3.885780586188047891e-16 2.159468189652751668e+00 7.941885739946501210e-02
9.104706464563263602e-01 0.000000000000000000e+00 3.151163132017852586e+00 7.941863877371606317e-02
9.076884317897080390e-01 0.000000000000000000e+00 3.140509121481631638e+00 7.941864863500947003e-02
9.076470962186626856e-01 3.322129720854656403e-05 3.141572814372675104e+00 7.941864843021254061e-02
