1.824353154921924514e+00
1.814946386784284105e+00
2.952139446642734755e-01
3.291305952163403603e-02
-2.138535189035570827e-01
-2.213951385243591030e-01
-2.423279033571320573e-01
-2.661514330035176235e-01
-2.585626826042465298e-01
-2.819602853448175961e-01
-2.886985367328133156e-01
-2.912622366242479943e-01
-2.968385953587682757e-01
-3.007423453712568251e-01
-3.048520742003045791e-01
-3.057569828339408713e-01
-3.066637264065625867e-01
-3.078293407411313298e-01
-3.099458911594959454e-01
-3.122186760974713926e-01
-3.124570840525477400e-01
-3.145964366982674787e-01
-3.148994401689372280e-01
-3.149978117920731457e-01
-3.151853837001975522e-01
-3.153950639481472029e-01
-3.157573280083959544e-01
-3.160015803715882643e-01
-3.162909676550315075e-01
-3.166257288441015061e-01
-3.168247877440393268e-01
-3.168819790787554269e-01
-3.169196618727310177e-01
-3.169418925647195517e-01
-3.169954910481113108e-01
-3.170967303323786179e-01
-3.172230102498155291e-01
-3.173755035275930281e-01
-3.174801050990149198e-01
-3.174985512677025445e-01
-3.175062388106428268e-01
-3.175176097837265066e-01
-3.175290238912835128e-01
-3.175395166009161718e-01
-3.175556834400681261e-01
-3.175849064468890814e-01
-3.176348012413230393e-01
-3.176884661870724713e-01
-3.177267803937974255e-01
-3.177408998910573601e-01
-3.177442805595497299e-01
-3.177492213783584263e-01
-3.177550278469279399e-01
-3.177641806049952278e-01
-3.177851650439730280e-01
-3.178153313995457641e-01
-3.178596839554611031e-01
-3.178758983906640467e-01
-3.178909557870190916e-01
-3.179001196632201265e-01
-3.179126007126452103e-01
-3.179239832128602505e-01
-3.179395101471679808e-01
-3.179649329626090259e-01
-3.179901460776394795e-01
-3.180233207311650712e-01
-3.180959993717918932e-01
-3.182023103497300665e-01
-3.183039981797171625e-01
-3.184025674436125053e-01
-3.184395941866015600e-01
-3.184619087549175886e-01
-3.184848000647707011e-01
-3.185083944984536397e-01
-3.185419039051901047e-01
-3.185630692970096711e-01
-3.185594636310478123e-01
-3.186018185865116537e-01
-3.186329036388080294e-01
-3.186450501867358898e-01
-3.187248074095981876e-01
-3.187714936277947220e-01
-3.188066062696458536e-01
-3.187799837769433875e-01
-3.188705191456007726e-01
-3.189455839579886653e-01
-3.192124492779669920e-01
-3.195440527380169482e-01
4.278691809637489435e-02
-3.201251328473999624e-01
-3.195433725354851484e-01
-3.207788879891906308e-01
-3.203906353534411444e-01
-3.211246655951451867e-01
-3.214277722273075621e-01
-3.216930702028683031e-01
-3.216943252237276507e-01
-3.217592147010835957e-01
-3.217963076300964786e-01
-3.218499868840948297e-01
-3.218499868840948852e-01
