3.289783183152544810e-02
3.579873329493366008e-01
1.029245288642314460e+00
-2.592200180038342627e-01
-1.515376778282279679e-01
-4.584678488688285758e-01
-4.362684604084897666e-01
-7.212288166823372926e-01
-8.649379412221277486e-01
-7.754834794843961099e-01
-9.731875444991102686e-01
-1.005696025966442697e+00
-9.639454516535603812e-01
-1.147183349418755105e+00
-1.193693095490329981e+00
-1.221636407735319008e+00
-1.259767324313542769e+00
-1.302729695478891170e+00
-1.336638920069278980e+00
-1.353101410541405425e+00
-1.375853798381914128e+00
-1.385374613178929737e+00
-1.394743425667452463e+00
-1.399469784913370374e+00
-1.406845902237815027e+00
-1.414074979591170456e+00
-1.419571833361112478e+00
-1.425687487032839096e+00
-1.431428262565111353e+00
-1.435464094589437245e+00
-1.439023962919816046e+00
-1.442151370148375689e+00
-1.447766469178491722e+00
-1.451164255119729685e+00
-1.456117575710986989e+00
-1.459294488875209961e+00
-1.460794799559020474e+00
-1.462618599328768143e+00
-1.464591706414990036e+00
-1.468037948362252099e+00
-1.473607247509830742e+00
-1.479299731340376178e+00
-1.483402840005410450e+00
-1.486473268848587548e+00
-1.490275041974324921e+00
-1.493141415819269735e+00
-1.497502458468112252e+00
-1.502633366158380612e+00
-1.508608837289759919e+00
-1.513719120658598705e+00
-1.516823708489731803e+00
-1.520705517126106354e+00
-1.524132056333840968e+00
-1.527484952504642113e+00
-1.531912007349273352e+00
-1.533468470643711168e+00
-1.535149636343818624e+00
-1.536345721104324991e+00
-1.537728107202267269e+00
-1.538774666010131575e+00
-1.539463949708162360e+00
-1.540286756533972623e+00
-1.540568554103928900e+00
-1.540858585563103844e+00
-1.540977255193656692e+00
-1.541246034957755029e+00
-1.541451735786291799e+00
-1.541650070657730742e+00
-1.541795385562449994e+00
-1.541988541276256397e+00
-1.542207437449535812e+00
-1.542393445318780199e+00
-1.542572052732590127e+00
-1.542689602430135976e+00
-1.542837496874292835e+00
-1.543012877563803231e+00
-1.543195503059623830e+00
-1.543379430547695996e+00
-1.543536038970749757e+00
-1.543633935556953940e+00
-1.543695203589313891e+00
-1.543733451771867715e+00
-1.543764272215701672e+00
-1.543793346308231840e+00
-1.543830231810247255e+00
-1.543859693289585833e+00
-1.543886288426638220e+00
-1.543915078662168261e+00
-1.543955387355217868e+00
-1.543984859507642415e+00
-1.544002215577178649e+00
-1.544009036790962242e+00
-1.544015865827477629e+00
-1.544021999797439149e+00
-1.544027630454117839e+00
-1.544031455141817055e+00
-1.544034018458142032e+00
-1.544035668742255840e+00
-1.544036757809475358e+00
-1.544037629346486362e+00
