-1.906224290437994739e-01
1.330025244599906120e-01
-1.270680644185038788e-01
2.330306406292091959e-01
1.234216971849563027e+00
-4.318032068440778026e-01
-1.464136632487588463e-01
9.372297833022742719e-03
-8.814092163305206618e-02
-5.637456001286795804e-01
8.703858448946516502e-02
-6.675774542902712660e-01
-7.254514631097708222e-01
-7.365644052476864045e-01
-7.337725123780651781e-01
-7.409686487726246940e-01
-7.412456677395443672e-01
-7.412493292876654039e-01
-7.412506203404415350e-01
-7.412517368595100686e-01
-7.412528876430418689e-01
-7.412559840285588564e-01
-7.412591214359977032e-01
-7.412629235638754643e-01
-7.412637689317339573e-01
