1.991742131452542086e+00
1.765666883246428842e+00
-6.091544351575635396e-02
5.087373024574012303e-01
-4.471785239735919792e-01
5.706632737663558386e-02
-5.728737233093722514e-01
-6.031147271364045714e-01
-6.518391778866173825e-01
-6.736413561669921668e-01
-6.925888589624517033e-01
-7.005196729555077662e-01
-7.207300887935611522e-01
-7.329025929877727163e-01
-7.421500643910610151e-01
-7.437551452530354323e-01
-7.686115466665660589e-01
-7.730472748403964811e-01
-7.886724695054869727e-01
-7.921263133795398703e-01
-7.965551210819487027e-01
-7.992799438549995639e-01
-7.996218939477882648e-01
-8.000202482056689712e-01
-8.002870029861146595e-01
-8.004248123179870111e-01
-8.004878565590374251e-01
-8.005881368596643455e-01
-8.008140836299670884e-01
-8.013318626727082838e-01
-8.015281313447740752e-01
-8.018553885644557067e-01
-8.019675746102166158e-01
-8.020163057540574680e-01
-8.020293827848377077e-01
-8.020325787596807032e-01
-8.020325787596807032e-01
