1.000000000000000000e+00
5.800000000000000000e+01
1.140000000000000000e+02
1.710000000000000000e+02
2.270000000000000000e+02
2.830000000000000000e+02
3.390000000000000000e+02
3.960000000000000000e+02
4.520000000000000000e+02
5.080000000000000000e+02
5.640000000000000000e+02
6.200000000000000000e+02
6.760000000000000000e+02
7.320000000000000000e+02
7.880000000000000000e+02
8.440000000000000000e+02
9.010000000000000000e+02
9.570000000000000000e+02
1.013000000000000000e+03
1.069000000000000000e+03
1.124000000000000000e+03
