1.957351615364562036e+00
1.533461319737235096e+00
7.789982755360168321e-02
-1.940165469368096973e-01
-2.628779704657971394e-01
-3.242432535691041617e-01
-5.679736905305649008e-01
7.568196739594806877e-02
-7.179653556327757480e-01
-7.377820250572874050e-01
-8.409848946681126591e-01
-9.530987103360687440e-01
-1.027934075982642748e+00
-1.032192183095448579e+00
-1.078883904604566180e+00
-1.097398392979120452e+00
-1.116996880432409522e+00
-1.129326586161087498e+00
-1.140464953109953772e+00
-1.147810364807885453e+00
-1.157831129983350138e+00
-1.163310596524336216e+00
-1.166791675048569177e+00
-1.172395009371001162e+00
-1.180530317951565822e+00
-1.186393755544752127e+00
-1.193391186129307613e+00
-1.200896103357593780e+00
-1.207422440366051619e+00
-1.209435919890306188e+00
-1.215930549934053584e+00
-1.218747922162813691e+00
-1.224017299990196816e+00
-1.228412972892858335e+00
-1.232484110049635095e+00
-1.235516029383181724e+00
-1.237421700998811547e+00
-1.238613809000727928e+00
-1.239623082970879198e+00
-1.241022200937520248e+00
-1.243338633641648538e+00
-1.245888756855775714e+00
-1.248570683095992839e+00
-1.251568193484191793e+00
-1.254639962246974827e+00
-1.266156178371120600e+00
-1.271033674210799935e+00
-1.275604987788988343e+00
-1.278364360389713683e+00
-1.281896237186358478e+00
-1.285196683091302639e+00
-1.289037993758955114e+00
-1.291257618960274245e+00
-1.292710466649870993e+00
-1.293661959670457273e+00
-1.295429309888038283e+00
-1.296523587284906354e+00
-1.297189057074959351e+00
-1.297767191572008816e+00
-1.298305724246192838e+00
-1.298780432890525471e+00
-1.299100356708771553e+00
-1.299254364246584581e+00
-1.299343296047404728e+00
-1.299458567739266934e+00
-1.299569799388534452e+00
-1.299737309066796298e+00
-1.300335461506237467e+00
-1.257324633969571837e+00
-1.249478001456845844e+00
-1.301169307925655882e+00
-1.301881803858679243e+00
-1.303137229984047130e+00
-1.303395288537048335e+00
-1.304358570628180169e+00
-1.305222758400602423e+00
-1.305990889880515038e+00
-1.305874748820598397e+00
-1.307280189458007058e+00
-1.308479527061353398e+00
-1.309174371525011482e+00
-1.308860979143293468e+00
-1.310590198145125784e+00
-1.311315448693143093e+00
-1.311712172100036655e+00
-1.311862610541526530e+00
-1.311914820784609637e+00
-1.311939319152099825e+00
-1.311964544499369945e+00
-1.311989517957456775e+00
-1.312002137806854041e+00
-1.312008557796417341e+00
-1.312011050039873394e+00
-1.312011050039873616e+00
