8.034184070285282919e-02
-4.511261656382578589e-02
1.671788824577091215e-01
-1.624204110602321949e-01
3.685454718669064489e-01
-2.233690247599491585e-02
-6.158666739451479355e-02
-3.106859354911454263e-01
-3.094439862207551961e-01
1.335675793037099934e-01
-4.492602268530574983e-01
-6.041923168491873941e-01
-5.835461781891695399e-01
-6.407617241045076018e-01
-3.544176666235325790e-01
-6.462809556739217420e-01
-6.487722981735863925e-01
-6.499835812698739890e-01
-6.501659535845292215e-01
-6.504903773592800587e-01
-6.507584502718712915e-01
-6.508751101982359621e-01
-6.509031602910334557e-01
-6.509208113596386402e-01
-6.509264133991583545e-01
-6.509275151933708869e-01
-6.509275151933711090e-01
