2.008228329986663230e+00
1.978810513541476412e+00
1.865004404947540495e+00
-4.540512576726165594e-01
-4.201285551332292201e-01
-5.572328944348098334e-01
-8.206099109943603143e-01
-1.050070651135742494e+00
-1.132261305585935185e+00
-1.010284117256225800e+00
-1.295785881322385702e+00
-1.350593743360050114e+00
-1.376051225674647105e+00
-1.387837880463950180e+00
-1.390702997956055009e+00
-1.392997104079889858e+00
-1.397186580405122891e+00
-1.399214610811324810e+00
-1.400728716594562329e+00
-1.402333988984816981e+00
-1.403852854118255555e+00
-1.405148726615819355e+00
-1.406047889062325140e+00
-1.406449778186875443e+00
-1.406648094970234908e+00
-1.406777179049804705e+00
-1.406851736327197955e+00
-1.406914486826100319e+00
-1.406970329055011071e+00
-1.407009042086428519e+00
-1.407029119566648889e+00
-1.407042397680578816e+00
-1.407060934198195445e+00
-1.407095375350811084e+00
-1.407165663979220271e+00
-1.407307947833934758e+00
-1.407420910156619520e+00
-1.407683035689385909e+00
-1.408298942860099379e+00
-1.408572425545117524e+00
-1.408838085390407224e+00
-1.409004445324029353e+00
-1.409048116099318904e+00
-1.409094280424930234e+00
-1.409133309019387159e+00
-1.409166774665318034e+00
-1.409197083478532564e+00
-1.409237345160042176e+00
-1.409275828821219045e+00
-1.409297067874579534e+00
-1.409302182113846058e+00
-1.409303776960522780e+00
-1.409306060726714716e+00
-1.409308264854693515e+00
-1.409309469870841269e+00
-1.409309469870841491e+00
