1.117204425269422208e+00
5.874084183792599445e-02
-2.889294833740273516e-01
-4.246143154569921863e-01
-4.780980703802186205e-01
-4.986729600293009490e-01
-5.645282287948689692e-01
-6.536295490921333329e-01
-6.961459770607049125e-01
-7.009121242842117905e-01
-7.542656105394672794e-01
-7.789658861740826890e-01
-7.951981365717134542e-01
-8.016786875294543702e-01
-8.090381586456327767e-01
-8.141819834104193632e-01
-8.198079784308022200e-01
-8.285816747624608070e-01
-8.360101463579124870e-01
-8.423142914563808148e-01
-8.590403552098958562e-01
-8.675312997156103823e-01
-8.729633064519939367e-01
-8.759007458050158679e-01
-8.792104380904048888e-01
-8.824889094033837589e-01
-8.860154158649021783e-01
-8.920594220091093707e-01
-8.979847506932896462e-01
-9.039075696117647718e-01
-9.092919008178217410e-01
-9.101427458585911179e-01
-9.119379544911153657e-01
-9.129738725934551935e-01
-9.157012286167780513e-01
-9.176402207898342045e-01
-9.192247402963817926e-01
-9.218184987682223053e-01
-9.284621994415525048e-01
-9.375218191574999915e-01
-9.477487091276963760e-01
-9.624370161081062802e-01
-9.651690571211083425e-01
-9.672480924310399297e-01
-9.684513159155355710e-01
-9.687963219454679420e-01
-9.693203236130465417e-01
-9.695240623972098959e-01
-9.697167347437538609e-01
-9.699649590889271034e-01
-9.703516263515661322e-01
-9.706736458744787965e-01
-9.709052829242516003e-01
-9.710288975240672915e-01
-9.712229698841465808e-01
-9.715064235209239785e-01
-9.718136193446861304e-01
-9.720106740562802772e-01
-9.721199460141797255e-01
-9.721738338202712271e-01
-9.722050592267056368e-01
-9.722204650024550698e-01
-9.722250421015328214e-01
-9.722260941459699435e-01
-9.722260941459699435e-01
