1.000000000000000000e+00
9.400000000000000000e+01
1.960000000000000000e+02
2.980000000000000000e+02
4.000000000000000000e+02
5.020000000000000000e+02
6.040000000000000000e+02
7.060000000000000000e+02
8.080000000000000000e+02
9.100000000000000000e+02
1.012000000000000000e+03
1.114000000000000000e+03
1.216000000000000000e+03
1.318000000000000000e+03
1.420000000000000000e+03
1.522000000000000000e+03
1.624000000000000000e+03
1.726000000000000000e+03
1.828000000000000000e+03
1.930000000000000000e+03
2.032000000000000000e+03
2.134000000000000000e+03
2.236000000000000000e+03
2.338000000000000000e+03
2.440000000000000000e+03
2.541000000000000000e+03
