1.994463002722463019e+00
-1.088709322307211541e-01
-1.684656498992833512e-02
1.345393810140471658e-01
-1.009169913833461441e-01
1.664650388633861222e-01
1.137533213543011346e-01
-6.973866003321556317e-02
-3.140661564518896220e-01
-1.249371458667881130e-01
7.810322694461724335e-02
-7.546066056863437455e-02
1.511916258384309319e-01
6.152477658579513786e-03
-3.111921969489938808e-02
-8.741378291764231867e-02
1.322390189456121024e-01
-9.926478450831791034e-03
1.348637981709611966e-02
-8.979201830170550902e-02
-9.277921977335494563e-02
-1.415812976515477550e-01
-1.704399553061134998e-01
-1.767252969241742411e-01
-2.600379452265769165e-02
-1.684191436981732348e-01
-5.114906990608863308e-02
