1.983135599671446592e+00
-8.374560950489032263e-02
-1.499578036592114749e+00
-1.632999372023174800e+00
-1.822906946787296700e+00
-1.879427845356655524e+00
-1.914259929578232544e+00
-1.921077533184238462e+00
-1.923632281742165384e+00
-1.924485453947474278e+00
-1.924780058096545954e+00
-1.925004155249488758e+00
-1.925108373879055756e+00
-1.925137672464750871e+00
-1.925149935082836938e+00
-1.925169306516476775e+00
-1.925200062236760878e+00
-1.925246656497092923e+00
-1.925299083931989230e+00
-1.925350110054842911e+00
-1.925414534785335974e+00
-1.925517658077759986e+00
-1.925693846413692123e+00
-1.926007719366479742e+00
-1.926519207288163393e+00
-1.926827351038477465e+00
-1.927205610870951880e+00
-1.927360569978375571e+00
-1.927400702624334938e+00
-1.927409252149850927e+00
-1.927411290824033063e+00
-1.927412066530439283e+00
-1.927412454778419271e+00
-1.927412516277952292e+00
-1.927412527765022032e+00
-1.927412532980271598e+00
-1.927412539214174325e+00
-1.927412548207092957e+00
-1.927412562665208107e+00
-1.927412585969014325e+00
-1.927412619748403166e+00
-1.927412642839312573e+00
-1.927412651048084236e+00
-1.927412652192849407e+00
