2.659308090631052474e-02
-2.110505202565387400e-02
-3.301039940138826290e-01
-4.744953527046487651e-01
-3.555323857459795067e-01
-5.317737551018956177e-01
-7.233191245441681350e-01
-8.157072184153356664e-01
-8.417539740413821914e-01
-9.564799229072972198e-01
-9.250163333307773739e-01
-1.043442804436892857e+00
-1.053293769969185778e+00
-1.084437342570731433e+00
-1.156920310330485258e+00
-1.181909481261872896e+00
-1.204841172899139945e+00
-1.220414334523560074e+00
-1.240049526909757560e+00
-1.255157878974367813e+00
-1.257839352518794085e+00
-1.274031335299816714e+00
-1.282825377829448721e+00
-1.296864669346110555e+00
-1.310558491244750545e+00
-1.327599861853241858e+00
-1.346991897869945998e+00
-1.387278697863659538e+00
-1.412654869553770398e+00
-1.426164891071681762e+00
-1.457568121946167361e+00
-1.477339994005107071e+00
-1.511507807527486591e+00
-1.522961042265806419e+00
-1.546994884635458201e+00
-1.560534911358557375e+00
-1.574380409036400641e+00
-1.578741403167897905e+00
-1.590137981963365199e+00
-1.598687248046288811e+00
-1.606575125102682522e+00
-1.612103319803314783e+00
-1.616868365104673799e+00
-1.621314323534983837e+00
-1.624507547882056091e+00
-1.628864659041608709e+00
-1.632003917390512537e+00
-1.635364209048287387e+00
-1.637710154034322185e+00
-1.640049652613009057e+00
-1.641963802561609675e+00
-1.642959491890945811e+00
-1.644206325583425166e+00
-1.645676378614657764e+00
-1.648369466588910148e+00
-1.651571522394743585e+00
-1.655883613349619088e+00
-1.662523407153723154e+00
-1.667370262402250836e+00
-1.668651617137305809e+00
-1.674578481957636145e+00
-1.678886431404639001e+00
-1.681577750494830603e+00
-1.684317338332712355e+00
-1.686964132955767415e+00
-1.688500912490161987e+00
-1.692458584241840036e+00
-1.695203353729230145e+00
-1.698111601471634646e+00
-1.703302555858540179e+00
-1.706015522206490331e+00
-1.708462043121051321e+00
-1.709503454422505841e+00
-1.710307844981972192e+00
-1.710860550655706858e+00
-1.711446561467113714e+00
-1.711767869132452491e+00
-1.712078871140746195e+00
-1.712347750832313276e+00
-1.712573854754984026e+00
-1.712846862235807954e+00
-1.713191528459255375e+00
-1.713476093163137204e+00
-1.713873432157386523e+00
-1.714237145464109657e+00
-1.714634507775322891e+00
-1.715039873414482052e+00
-1.715550349253625928e+00
-1.716195734554334829e+00
-1.717021634645848227e+00
-1.717932964914682614e+00
-1.718939110296445749e+00
-1.720079996857790228e+00
-1.720883602247217370e+00
-1.721268528031384193e+00
-1.721608622368831831e+00
-1.721846467082791543e+00
-1.721971489041512537e+00
-1.722124428833468057e+00
-1.722255296090958065e+00
-1.722255296090957843e+00
