-2.591450155656349619e-01
9.105283468710402561e-02
8.589812199188248121e-01
3.005265240081108832e-02
-3.046557481554574842e-01
2.647771311041093867e-01
-2.883371701106335894e-01
-4.767572890712286626e-01
-2.071294634524065703e-01
-6.325003592010355336e-01
-6.844064065418953291e-01
-6.259898491809758880e-01
-7.123810925324468579e-01
-7.156584234808255340e-01
-7.178544496323335800e-01
-7.180634832696377590e-01
-7.180731191984726092e-01
-7.180829157493022752e-01
-7.180846297995212568e-01
-7.180871987923196365e-01
-7.180881661195305243e-01
