4.031421538977760788e-01 8.391353635177728476e-01 4.540143825707178005e-01 5.096064298297899864e-01 2.988819165583788198e-02 3.668202441105070793e-02 9.048867245384349667e-02 2.508569878020997651e-02 4.630006627779630762e-02 4.906184014829404610e-02 1.879102461909789787e-02 3.328409244598103112e-02
3.983293768553871628e-01 5.976508708539602921e-01 5.976508708539602921e-01 5.976508708539604031e-01 2.114576040064924944e-01 7.454460840591611848e-02 2.764855029172529344e-01 1.083318851558279505e-01 1.714048810456338390e-01 2.162742817119003014e-01 8.515173667048950290e-02 2.045565639931077873e-01
0.000000000000000000e+00 5.218048215738235740e-15 9.999999999999982236e-01 9.999999999999988898e-01 2.678876882609360077e+00 5.808758850248992855e-01 2.805350317071663824e+00 1.265279693717554998e+00 1.921956832123171033e+00 2.460616571982046530e+00 9.488787636033947370e-01 2.513338633695461066e+00
6.263947032515083668e-01 6.263947032515078117e-01 1.000000000000000000e+00 9.999999999999997780e-01 1.777231721362089178e+00 5.651042325579617165e-01 1.913488098501150869e+00 8.556146981575107890e-01 1.344853552242192496e+00 1.735444936773731905e+00 6.281910729792562487e-01 1.658208806175055061e+00
3.487564652976135049e-01 3.487564652976139490e-01 1.000000000000000000e+00 1.000000000000000000e+00 2.518981287067768804e+00 7.077233899644507220e-01 2.563470492771469100e+00 1.163239949139874385e+00 1.911002942743591726e+00 2.195387178531045258e+00 9.208074333401990996e-01 2.293803091227000657e+00
4.918324039773560585e-01 4.918324039773560585e-01 9.999999999999998890e-01 9.999999999999998890e-01 2.619239465074711948e+00 7.686421840247045223e-01 2.600939482726837948e+00 1.170177045197797083e+00 2.006061905518438770e+00 2.231795699475815908e+00 9.593535627610945138e-01 2.318920470715706728e+00
4.988649533630014621e-01 4.988649533630014621e-01 1.000000000000000000e+00 1.000000000000000000e+00 2.628725263499928300e+00 7.656450656143920508e-01 2.607520569509923725e+00 1.125815643043298842e+00 1.988697163419875347e+00 2.283513257833692744e+00 9.141206064315057223e-01 2.325218005883936900e+00
4.997687992466502971e-01 4.997687992466504081e-01 1.000000000000000000e+00 1.000000000000000000e+00 2.686440339771347219e+00 8.263439481319236890e-01 2.567820981292549654e+00 9.644095669884532596e-01 1.977469162443612927e+00 2.375657672072886584e+00 7.975109276186878038e-01 2.319017607583947704e+00
5.587172787727657797e-01 5.587172787727658907e-01 1.000000000000000000e+00 1.000000000000000000e+00 2.945976861886967502e+00 9.977509100343490145e-01 2.504703305024463589e+00 5.840271487567986197e-01 2.021324497354624050e+00 2.618717737507093801e+00 5.293529885392130874e-01 2.350763770441731459e+00
5.535588066310571653e-01 5.535588066310572763e-01 1.000000000000000000e+00 1.000000000000000000e+00 2.964810391357360242e+00 9.473424484834708226e-01 2.521823230664490989e+00 6.712665184446543476e-01 2.027884232357438421e+00 2.563971115275698764e+00 5.871944713828068929e-01 2.369282335860505295e+00
5.748307717455265475e-01 5.748307717455265475e-01 1.000000000000000000e+00 1.000000000000000000e+00 3.178851570241952196e+00 9.388422765526656111e-01 2.487054389179236491e+00 6.109197338869275518e-01 2.051247487092708877e+00 2.599456978649287819e+00 5.251560213429216084e-01 2.457421509890519218e+00
6.036110367707273605e-01 6.036110367707273605e-01 9.743401166892496912e-01 9.743401166892496912e-01 3.515363022225445722e+00 9.342470634526989226e-01 2.357287650565516923e+00 5.018117912664332714e-01 2.049355824349391231e+00 2.635029886766008911e+00 3.647023671190917637e-01 2.661539073958123502e+00
7.426209239482420843e-01 7.755408427708792019e-01 7.755408427708793129e-01 7.755408427708792019e-01 4.976095956894641681e+00 9.585714337774898786e-01 1.711006159484443678e+00 3.705283757447108695e-03 2.014001231221801635e+00 2.704998439008259759e+00 -3.850050539988382203e-01 3.521732549585615324e+00
7.047611842175363073e-01 7.047611842175363073e-01 7.775200373007524757e-01 7.775200373007525867e-01 4.575453716960968364e+00 9.381315770487247407e-01 1.824006049761829562e+00 1.320616191276282880e-01 2.003969868407471377e+00 2.586709438465653044e+00 -2.082219793351305082e-01 3.317451521934398517e+00
6.789230618848652865e-01 6.789230618848652865e-01 8.223680662796987173e-01 8.223680662796987173e-01 4.273091103452135719e+00 9.305995358851665289e-01 1.952613911270814739e+00 1.837412347710727090e-01 2.023086515319301171e+00 2.562860734323912038e+00 -1.070773462560527800e-01 3.144660355224272230e+00
7.062508735909620583e-01 7.062508735909620583e-01 7.589363943041570471e-01 7.844309029438543135e-01 4.150653720469348329e+00 8.554299078830441827e-01 1.847124042898554475e+00 1.666113670016250436e-01 1.974621236720386364e+00 2.269427633922585841e+00 -1.622848796966641360e-01 3.179552428806813769e+00
7.044426044478240279e-01 7.902952898065755960e-01 7.902952898065755960e-01 8.047494548286451277e-01 4.116009723380736673e+00 8.485075140760439671e-01 1.808698352431719725e+00 2.186830254747482161e-02 1.929830725582715178e+00 2.236209907038146483e+00 -2.464580838021740439e-01 3.177634030386434549e+00
6.785843103435148516e-01 8.298652781726313377e-01 8.298652781726313377e-01 8.298652781726313377e-01 4.169722433451461541e+00 8.292574816987178243e-01 1.722610783266417034e+00 -1.222180041429712094e-01 1.831793601810877581e+00 2.211247119568767960e+00 -2.876921805999741455e-01 3.205842002132555990e+00
6.924975887893096704e-01 8.564117072618898652e-01 8.564117072618899762e-01 8.564117072618898652e-01 4.294215730370215311e+00 8.170989433407291891e-01 1.642779008707771160e+00 -3.241562797781999405e-01 1.705506655518294501e+00 2.161821212513737489e+00 -2.603773986872971458e-01 3.201630447145552338e+00
7.161150222463222859e-01 8.460707048321726154e-01 8.460707048321726154e-01 8.460707048321726154e-01 4.431382126126961474e+00 7.841730263591810690e-01 1.542605815757166043e+00 -5.367428969421023099e-01 1.568719760041451972e+00 2.023585109503749813e+00 -2.450152295187770779e-01 3.197889210069525756e+00
7.405692265186231138e-01 8.248519206933487835e-01 8.248519206933487835e-01 8.248519206933487835e-01 4.694565690188429841e+00 7.075073121463618664e-01 1.362054204901778975e+00 -9.226252318718226597e-01 1.309730315236622644e+00 1.712915001537983484e+00 -2.962712040453238105e-01 3.186514026700287161e+00
7.873514356457776975e-01 7.873514356457779195e-01 7.873514356457779195e-01 7.873514356457779195e-01 6.625069125781063661e+00 -9.468330497648502764e-03 -1.457165946198135664e-01 -4.341392984782286746e+00 -1.108329849117452692e+00 -1.147965552360609154e+00 -7.472489701383620009e-01 2.915347493864517414e+00
7.623475024849534210e-01 7.623475024849531989e-01 8.323435387996309665e-01 8.323435387996308554e-01 5.882705081849388229e+00 2.181910939512985426e-01 4.231020061977059932e-01 -3.186173994088026262e+00 -5.545409594082407745e-01 -5.260013855167895436e-01 -4.358597839402629792e-01 2.933228749392631673e+00
7.692148395322923049e-01 8.207135569221665206e-01 8.207135569221666316e-01 8.207135569221665206e-01 5.050912232216363762e+00 5.716495845788616137e-01 1.098002601553698776e+00 -1.576321430401970369e+00 7.296172369101248112e-01 9.893036272370409057e-01 -3.588401136867598318e-01 3.132910922312885038e+00
7.320076436073784665e-01 8.183808839826958170e-01 8.638488111478691556e-01 8.638488111478691556e-01 4.813162457978452657e+00 5.999393539322265267e-01 1.210227129914424937e+00 -1.427331395069972420e+00 5.643752412141559427e-01 7.745307108892013348e-01 -2.527922547591733293e-01 3.053406573528723467e+00
7.475762500336970984e-01 8.533150354618188604e-01 8.533150354618188604e-01 8.533150354618188604e-01 4.835194122485724222e+00 6.488688074256779847e-01 1.233513850765433295e+00 -1.396988654837653998e+00 5.701647219801845301e-01 8.191022727234558154e-01 -2.799911158801739464e-01 3.147509372786347015e+00
7.372832200841877848e-01 8.295256526806934483e-01 8.517913180403856588e-01 8.517913180403856588e-01 4.840741155911445937e+00 6.824095793143739597e-01 1.267755326359019774e+00 -1.444620704919321819e+00 5.019378866585838539e-01 8.175102186026523832e-01 -2.077949104089560906e-01 3.165588282642439744e+00
6.843461236633436862e-01 8.567788318183628959e-01 8.567788318183628959e-01 8.567788318183628959e-01 4.694607749116607387e+00 7.763655612171682652e-01 1.349645340437173102e+00 -1.577011355496791500e+00 2.765733387234843299e-01 7.438997787409147300e-01 -4.088073740678802026e-02 3.209487755376138285e+00
6.335905290047757488e-01 8.627553128271369109e-01 8.627553128271367999e-01 8.627553128271369109e-01 4.414595321142328999e+00 8.819307164973591018e-01 1.507733486263720613e+00 -1.503725058009124815e+00 2.128970244392537348e-01 8.421153561256184972e-01 1.480968481887245114e-01 3.228367335178955688e+00
6.487331577100312607e-01 8.643777234052655301e-01 8.643777234052655301e-01 8.643777234052655301e-01 4.423794116421568390e+00 8.753726988897958528e-01 1.473051128696797107e+00 -1.520438114599389268e+00 1.611092492406101251e-01 7.964093903760667281e-01 1.166902006322467350e-01 3.260907918848883202e+00
6.621112347465614167e-01 8.607920097616577060e-01 8.607920097616577060e-01 8.607920097616577060e-01 4.302211659648635056e+00 9.171654935418882548e-01 1.490805617668610861e+00 -1.528353135957575271e+00 2.729205750112984052e-03 7.399769387238089857e-01 1.553855807188082583e-01 3.323015965938568073e+00
6.851364018689481972e-01 8.450923451241785234e-01 8.450923451241785234e-01 8.450923451241785234e-01 4.024181422765846783e+00 1.010988623934305108e+00 1.570591279621222469e+00 -1.499288841728660282e+00 -2.767608499447284931e-01 6.952260552403569660e-01 2.526511366618195420e-01 3.398959676749781611e+00
7.544218051051443386e-01 7.636230774718458791e-01 8.043337859265597967e-01 8.043337859265596856e-01 3.416380838786853946e+00 1.192384089109929102e+00 1.735641157663643019e+00 -1.352262781361015742e+00 -8.904972831668170885e-01 6.343999249486652614e-01 4.135286330710503111e-01 3.488975926351100210e+00
7.683060177505534050e-01 7.730722617248355633e-01 8.027731555218570181e-01 8.027731555218570181e-01 3.664688614948206524e+00 1.051946999501661040e+00 1.631409090765642000e+00 -1.292466510345107844e+00 -5.546266499724936683e-01 7.009459631571013372e-01 2.348032954320512788e-01 3.377502742916876688e+00
7.396200335849206775e-01 7.463108349968163857e-01 8.126662289431743069e-01 8.126662289431741959e-01 3.765262741357338516e+00 1.042203556956652122e+00 1.588253433713813001e+00 -1.376397150674564696e+00 -6.080375954616984435e-01 6.491329212187266773e-01 2.398441997035317408e-01 3.354906907065048571e+00
7.349347005811133204e-01 7.349347005811133204e-01 7.976245749568404708e-01 7.976245749568404708e-01 3.556059085960580290e+00 1.087181502130502686e+00 1.636960216769667964e+00 -1.315308000295101865e+00 -7.540211911004826018e-01 6.419186424105377542e-01 2.792541577484228266e-01 3.336509998266752763e+00
7.296276069785305740e-01 7.296276069785306850e-01 7.958756586628680241e-01 7.958756586628680241e-01 3.580560874454619125e+00 1.077334445540355068e+00 1.614892236485528487e+00 -1.315023278376972193e+00 -7.359841360246847097e-01 6.820198770065086791e-01 2.543751179701052578e-01 3.313248855322778574e+00
7.190859427691173034e-01 7.190859427691173034e-01 7.974185689808401811e-01 7.974185689808401811e-01 3.587474983581427690e+00 1.068726188795704246e+00 1.585205122725274363e+00 -1.319639340708780306e+00 -7.402399483226106414e-01 7.187776495778763763e-01 2.422711275644215956e-01 3.278391324922664829e+00
7.155737257160894593e-01 7.155737257160894593e-01 7.995576177391985340e-01 7.995576177391985340e-01 3.587431016544001761e+00 1.068086022132482160e+00 1.566708406334917925e+00 -1.331948387766649811e+00 -7.452861094317067003e-01 7.367919794883871498e-01 2.477777045950948220e-01 3.265641706682271383e+00
7.150442215992950379e-01 7.150442215992950379e-01 8.021412283491068385e-01 8.021412283491068385e-01 3.589703337388471027e+00 1.069151645428281228e+00 1.544384589152113962e+00 -1.348286991846081584e+00 -7.459829721786889190e-01 7.490116093007794795e-01 2.580080549682734481e-01 3.255940813806643241e+00
7.165312071514686743e-01 7.165312071514686743e-01 8.017881847751487934e-01 8.017881847751486823e-01 3.591325894617717118e+00 1.073834834441458108e+00 1.535660248357583191e+00 -1.354182873120631569e+00 -7.455336776453982406e-01 7.513224617432193719e-01 2.632806774004496919e-01 3.255331420123696251e+00
7.187825992228911165e-01 7.187825992228911165e-01 8.004539668584443879e-01 8.004539668584443879e-01 3.596504963158950297e+00 1.081585026221915768e+00 1.526563022060663855e+00 -1.355237191500392235e+00 -7.420732303224132353e-01 7.515451110539784763e-01 2.673813084221205449e-01 3.254157057578408896e+00
7.204372671652472526e-01 7.204372671652472526e-01 7.981295604867301163e-01 7.981295604867301163e-01 3.601579826126974915e+00 1.091761659519457917e+00 1.520569117198460329e+00 -1.350606076739746975e+00 -7.401892782360407486e-01 7.529749621186405673e-01 2.698065557885405141e-01 3.252281261373060506e+00
7.208105145534067226e-01 7.208105145534067226e-01 7.965997944432871014e-01 7.965997944432871014e-01 3.605755735697289133e+00 1.097735886819123596e+00 1.518311815836610013e+00 -1.343710227769381094e+00 -7.389549486949388291e-01 7.545814334122069589e-01 2.698185429762345877e-01 3.249153167586527502e+00
7.205274095014521096e-01 7.205274095014521096e-01 7.961039595590785334e-01 7.961039595590785334e-01 3.605803313097900364e+00 1.098571900913286603e+00 1.519239037327267727e+00 -1.340655516792138346e+00 -7.399312799712259858e-01 7.557179007257502912e-01 2.696744296923985762e-01 3.247940965001142377e+00
7.204263059164321970e-01 7.204263059164321970e-01 7.959778241382978736e-01 7.959778241382978736e-01 3.605590766126595348e+00 1.097798149586150851e+00 1.519681919547753779e+00 -1.339716869029510038e+00 -7.405628799987064026e-01 7.560398449447924829e-01 2.699700154868951429e-01 3.247299592174299754e+00
7.205340191624791668e-01 7.205340191624791668e-01 7.955640579389717804e-01 7.955640579389716693e-01 3.604916643311569580e+00 1.096190965926742367e+00 1.519918814218920389e+00 -1.338901806972308650e+00 -7.421531192864011528e-01 7.564639009457209129e-01 2.713499823508044306e-01 3.246585639148066971e+00
7.210599403375552718e-01 7.210599403375552718e-01 7.947895299995900720e-01 7.947895299995900720e-01 3.604266493800329929e+00 1.093776641570786134e+00 1.519068096909136578e+00 -1.338482400060363231e+00 -7.442905858780946016e-01 7.565947322417347909e-01 2.740543374747633210e-01 3.245932346491542386e+00
7.217689278483762072e-01 7.217689278483762072e-01 7.939407452364224405e-01 7.939407452364224405e-01 3.603737343348697220e+00 1.091941951826220114e+00 1.517340064467062932e+00 -1.338630012834168825e+00 -7.461073940127372905e-01 7.562996884602104508e-01 2.768317459877924769e-01 3.246032774935821319e+00
7.221266521061384669e-01 7.221266521061385779e-01 7.935484054490510308e-01 7.935484054490510308e-01 3.603509751280472795e+00 1.091397677406826139e+00 1.515932912442371494e+00 -1.338814055554486515e+00 -7.466790010138046885e-01 7.557723066502035625e-01 2.779757281529153246e-01 3.246681970223700198e+00
