1.074344174968382692e-01
2.885812444176421021e-01
-3.933954039213646281e-01
-2.142181530356370156e-01
-5.390256447778324356e-02
7.059667661624893231e-01
1.135900861139179513e-01
-4.486450003645693907e-01
3.196167636117123179e-01
-5.298378348496987633e-03
5.530778248632055999e-02
8.324458204550411189e-03
-1.332437209804608613e-01
-5.104999388671831451e-01
-4.928388153416393136e-01
-6.804497819876949016e-01
-7.260101809833532371e-01
-7.080706878470715004e-01
-7.373288349801361274e-01
-7.412630753565427888e-01
-7.412615632145524991e-01
-7.412647213371645893e-01
