1.940958186879082170e+00
3.400140407005188825e-01
-2.242887578451860930e-01
-1.843492289851010324e-01
-2.548697279167705387e-01
-2.807869290418049113e-01
-3.833500329925207950e-01
-3.136950056546713994e-02
-5.109583436216855734e-01
-5.552430451798689992e-01
-5.798898462987748248e-01
-5.970989702558356926e-01
-6.171876896177401761e-01
-6.393438727198961224e-01
-6.586872271630669351e-01
-6.922141871097222676e-01
-7.253636062132375883e-01
-7.415311459974442965e-01
-7.533197647046017131e-01
-7.652271175762817013e-01
-7.718280218977071616e-01
-7.802759358404148804e-01
-7.878617513492821578e-01
-8.027987278204721244e-01
-8.195305995690258527e-01
-6.882550707080287156e-01
-5.188755668146044497e-01
-9.060440608953491681e-01
-9.177652458423734005e-01
-9.383863198557117480e-01
-9.520705771402535600e-01
-9.857691674664509351e-01
-1.029934079255882651e+00
-1.061448147506180106e+00
-1.082575360847696899e+00
-1.097225601346396573e+00
-1.105146933920391872e+00
-1.116451557263191896e+00
-1.128546996131914559e+00
-1.134399441037503120e+00
-1.142116897628984384e+00
-1.150748758113613768e+00
-1.158775292888884145e+00
-1.164956232602009756e+00
-1.167709668460181538e+00
-1.170801462134972493e+00
-1.174147388207926745e+00
-1.177440806170756415e+00
-1.180449688333371272e+00
-1.182599936970370136e+00
-1.184375177115070787e+00
-1.185697652559464466e+00
-1.186488008085255341e+00
-1.187917519838096236e+00
-1.189400167932398888e+00
-1.190568021429978751e+00
-1.191445940148091021e+00
-1.192124780491003122e+00
-1.193289296516057973e+00
-1.194648948300989000e+00
-1.195187705571360448e+00
-1.196031771030957813e+00
-1.197006004518550437e+00
-1.198724053324819794e+00
-1.201257344465839649e+00
-1.197105916103176293e+00
-1.189685897063845976e+00
-1.211307618743985737e+00
-1.217436458321709658e+00
-1.202741720628213384e+00
-1.229883497226490485e+00
-1.233019799380498549e+00
-1.233964143636247401e+00
-1.234862820429898811e+00
-1.235764002838849462e+00
-1.236855479423381254e+00
-1.238236726876586813e+00
-1.239691190167214518e+00
-1.240698418453255902e+00
-1.241258649972080130e+00
-1.241666210082605248e+00
-1.242070061903628897e+00
-1.242543978968927654e+00
-1.243313645806511714e+00
-1.244230698885373521e+00
-1.245237474422173474e+00
-1.246907244079368926e+00
-1.249013369382819150e+00
-1.250357069979942004e+00
-1.250870936371638598e+00
-1.254078086955819904e+00
-1.257434559919408557e+00
-1.258969394326622027e+00
-1.261589782696472595e+00
-1.263168895822859739e+00
-1.266584475581832514e+00
-1.268799748178171649e+00
-1.270110658707332529e+00
-1.274639029858256611e+00
-1.276431292344214485e+00
-1.276431292344214485e+00
