-2.160197429461947483e-01
-3.958363819205471534e-01
-1.800785774337189671e-01
-5.312993154702948528e-01
-4.391809214610978840e-01
-5.335103417530467906e-01
-5.803024579624701529e-01
-5.948561943952959119e-01
-6.029498655510043825e-01
-6.134442967586428708e-01
-6.166448312584107416e-01
-6.198799074826668587e-01
-6.217670815773066462e-01
-6.234936541481477246e-01
-6.253129325024648910e-01
-6.276437577878104523e-01
-6.284097938609836120e-01
-6.292662501911847617e-01
-6.299162884053077782e-01
-6.312566289834953270e-01
-6.317720529684860420e-01
-6.328596045020720151e-01
-6.331085482354260607e-01
-6.340122522903394175e-01
-6.347535383516212937e-01
-6.352692110918682911e-01
-6.354055269401207573e-01
-6.356663138719406136e-01
-6.357429452687792804e-01
-6.358496139519246304e-01
-6.359034791282983656e-01
-6.360754905678029925e-01
-6.363701786287738749e-01
-6.365038611797257939e-01
-6.367064259100161383e-01
-6.367513436070184607e-01
-6.369038389325591965e-01
-6.370375542120758627e-01
-6.371719913844082761e-01
-6.375217602025068375e-01
-6.376234748966924659e-01
-6.376750221626916737e-01
-6.377332082306458316e-01
-6.378472221804815101e-01
-6.378705341372876703e-01
-6.379440151097598433e-01
-6.380332359525798802e-01
-6.380664457902160969e-01
-6.380850353609599512e-01
-6.381110842063497657e-01
-6.381197110760243874e-01
-6.381518525453104829e-01
-6.381975716761076889e-01
-6.382732437948761550e-01
-6.383532682376208411e-01
-6.384130729431115592e-01
-6.384679501004029145e-01
-6.385662273668706312e-01
-6.386580366184396729e-01
-6.387325587342249644e-01
-6.387495087930248339e-01
-6.386566807350335662e-01
-6.388064276441421940e-01
-6.388171675728750998e-01
-6.388520897796006182e-01
-6.388662002473390888e-01
-6.388787208946592466e-01
-6.388988470337899628e-01
-6.389118339638923949e-01
-6.389225092287325047e-01
-6.389289601904067917e-01
-6.389314354847619448e-01
-6.389343450124460588e-01
-6.389366792750266200e-01
-6.389420248990251849e-01
-6.389464294968423275e-01
-6.389486200304409502e-01
-6.389486200304409502e-01
