8.938212812343540592e-02 3.412844684943257267e-02 8.828174089518711631e-02 5.027120003261366377e-02 3.797661607238179970e-02 8.495663748079759769e-02 8.216753825000989650e-03 8.651182991959766033e-02 9.221312683406213129e-02 8.629434947659683774e-02 8.988115581877852145e-02 5.054907690304896728e-02
3.810882850301265667e-02 3.810882850301267055e-02 6.025024853291971461e-02 6.025024853291970073e-02 3.096701586720598254e-01 3.789335553436897763e-01 2.544701995695154428e-01 4.041662905881615031e-01 3.259549615937743505e-01 4.130686039178581570e-01 2.926237175167384352e-01 3.938726205708422690e-01
2.775557561562891351e-17 7.269534390704304738e-02 7.269534390704299187e-02 9.999999999999989453e-02 3.210422133422107471e+00 4.691083279083049895e+00 3.273486310447727199e+00 4.660674939531667782e+00 3.449380821686155674e+00 4.552984502480137863e+00 3.442783465926775310e+00 4.516998347392075175e+00
9.999999999999922839e-02 1.000000000000000056e-01 1.000000000000000056e-01 1.000000000000000056e-01 3.239318540878677322e-01 7.933572776745725363e-01 3.233916721323688015e-01 7.328978631182840875e-01 5.634899027717767961e-01 6.009720804769628222e-01 6.730610708447987145e-01 5.290904553187837367e-01
1.045044883688053816e-02 1.801539266854881860e-02 9.412208120009632473e-02 1.000000000000000056e-01 4.239028369571171684e-01 6.483410255692317881e-01 3.638585782585471717e-01 6.303331613763218932e-01 4.887751378981416983e-01 5.847716555867289445e-01 5.165374777451688937e-01 5.664167214009044882e-01
4.076851421571811573e-02 8.976441081476720096e-02 9.999999999999997780e-02 9.999999999999999167e-02 4.436467574323821883e-01 7.154809485684832104e-01 4.008548003452866992e-01 6.897069274468462519e-01 5.347603221469430235e-01 6.361446012620342039e-01 5.641570145536819458e-01 6.109619580188683230e-01
2.952045597852468589e-02 9.852951800801637572e-02 9.999999999999997780e-02 1.000000000000000056e-01 4.357189629154372690e-01 7.093607025670026767e-01 3.913169687783823458e-01 6.822864026897521583e-01 5.277799100688642664e-01 6.206078105510717258e-01 5.596867762607502517e-01 5.900087994625204946e-01
1.517282693326341136e-02 1.000000000000000056e-01 9.999999999999999167e-02 1.000000000000000056e-01 4.404230134265548768e-01 7.103445838865452000e-01 3.943737129086595794e-01 6.840703519877484595e-01 5.260124816419279314e-01 6.176653676843832930e-01 5.544754066163024575e-01 5.805679069805388393e-01
0.000000000000000000e+00 9.999999999999999167e-02 1.000000000000000056e-01 1.000000000000000056e-01 4.480323648596464259e-01 7.183268225982719635e-01 4.015335430644012549e-01 6.918682875149548828e-01 5.250425254840868083e-01 6.132079204464108146e-01 5.485838632022916883e-01 5.607880872317180243e-01
4.898209212152335529e-17 1.000000000000000056e-01 9.999999999999993616e-02 1.000000000000000056e-01 4.641873621713816789e-01 7.322982501680498357e-01 4.172276212180199284e-01 7.063556941047665072e-01 5.245150179904030097e-01 6.083826128768534680e-01 5.377009351421506711e-01 5.304809225695041874e-01
0.000000000000000000e+00 9.999999999999999167e-02 1.000000000000000056e-01 1.000000000000000056e-01 5.612650638994968189e-01 8.151236359121292185e-01 5.105451586411567932e-01 7.921532695659070367e-01 5.188500277572554165e-01 5.704459111898415591e-01 4.678087049163756062e-01 3.336194355862944771e-01
1.000000000000000056e-01 9.999999999999981126e-02 1.000000000000000056e-01 9.999999999999968636e-02 1.177222501613921501e+00 1.328950307297964706e+00 1.110899771873517849e+00 1.314781638324664881e+00 5.045225324094686492e-01 3.217108680951441535e-01 3.248799034196619973e-02 -8.943084585854630397e-01
1.000000000000000056e-01 9.999999999999997780e-02 9.999999999999999167e-02 1.000000000000000056e-01 1.038565153402631003e+00 1.222465648910733726e+00 1.004497366617992604e+00 1.172967469788852135e+00 5.515937842762260734e-01 3.551396242473893183e-01 1.470931389868001815e-01 -6.308468107981992645e-01
9.999999999999986677e-02 1.000000000000000056e-01 9.999999999999997780e-02 1.000000000000000056e-01 1.187322091661454193e+00 1.388854255071319210e+00 1.239284328405555025e+00 1.257605120961380774e+00 6.321965639119172531e-01 2.457191281120718052e-01 6.004044105882237747e-02 -9.969225071618419420e-01
9.999999999999996392e-02 9.999999999999997780e-02 9.999999999999999167e-02 9.999999999999999167e-02 1.071685763365286537e+00 1.274321893312728271e+00 1.090696691855731926e+00 1.183541818830882608e+00 5.910600935684682256e-01 3.247923786879555186e-01 1.306951895291234844e-01 -7.214901400232085482e-01
1.000000000000000056e-01 1.000000000000000056e-01 9.999999999999997780e-02 1.000000000000000056e-01 1.103121189206559771e+00 1.311786724898817980e+00 1.134744720798305462e+00 1.206952778922030900e+00 5.967027009341220323e-01 3.096102386723783573e-01 1.067923445869378291e-01 -7.824772803908530694e-01
9.999999999999979738e-02 9.999999999999999167e-02 1.000000000000000056e-01 1.000000000000000056e-01 1.134757986001262431e+00 1.356185888790251814e+00 1.177689640597428644e+00 1.228787816258766874e+00 5.983787149765518176e-01 2.919927610859437417e-01 7.715019401274182675e-02 -8.403603443659979355e-01
9.999999999999990841e-02 9.999999999999996392e-02 9.999999999999992228e-02 1.000000000000000056e-01 1.154728230960837543e+00 1.396516082576076290e+00 1.207363029253829545e+00 1.238465565660424428e+00 5.959459901082159172e-01 2.764129968101358137e-01 5.015014940554747558e-02 -8.733242533600645841e-01
1.000000000000000056e-01 9.999999999999997780e-02 9.999999999999996392e-02 9.999999999999995004e-02 1.195826150403123123e+00 1.516252878860036235e+00 1.275311902345491522e+00 1.246157772109597106e+00 5.796920450390919965e-01 2.317185186048316692e-01 -3.014129101994884874e-02 -9.287100659612500531e-01
1.000000000000000056e-01 9.999999999999996392e-02 1.000000000000000056e-01 9.999999999999999167e-02 1.252004051492314751e+00 1.778505485262976915e+00 1.384955095082450960e+00 1.224207893872892194e+00 5.255257995296461759e-01 1.390097269769737520e-01 -2.057761154797025371e-01 -9.647538771729692320e-01
9.999999999999992228e-02 1.000000000000000056e-01 9.999999999999992228e-02 1.000000000000000056e-01 1.267786217105417723e+00 2.146789580161448274e+00 1.478644679776864423e+00 1.126595921790628729e+00 4.195177740233522190e-01 2.489119474254020137e-02 -4.492788091823300411e-01 -8.552723410221070299e-01
9.999999999999989453e-02 1.000000000000000056e-01 1.000000000000000056e-01 9.999999999999983902e-02 1.240567122382143506e+00 2.103885182800648845e+00 1.473142938665556345e+00 1.113870902605302193e+00 4.298609872333589155e-01 4.392272345652915161e-02 -4.161691196149110983e-01 -8.347644723058047500e-01
9.999999999999988065e-02 1.000000000000000056e-01 1.000000000000000056e-01 1.000000000000000056e-01 1.114772029709028001e+00 2.158444681045024183e+00 1.434693230004359110e+00 9.714570931830517342e-01 3.776664462465838534e-01 5.705896177634361965e-02 -4.369859173306119282e-01 -5.698255480543653606e-01
9.999999999999996392e-02 1.000000000000000056e-01 9.999999999999996392e-02 1.000000000000000056e-01 1.138088882289776560e+00 2.232104214791200025e+00 1.495127053878802403e+00 9.649813698844176280e-01 3.710708354190643821e-01 2.523992160012534375e-02 -4.797560763416520713e-01 -6.227131269359510446e-01
1.000000000000000056e-01 9.999999999999999167e-02 1.000000000000000056e-01 9.999999999999996392e-02 1.138314224561341570e+00 2.345871257344535277e+00 1.518272081040087373e+00 9.193306473196990458e-01 3.345925787631283121e-01 -9.979332586997201326e-03 -5.490644269113962306e-01 -5.756984914487955907e-01
1.000000000000000056e-01 9.999999999999997780e-02 9.999999999999995004e-02 9.999999999999997780e-02 1.113223852387380308e+00 2.298237547986736296e+00 1.487480842020808547e+00 9.026002252407979709e-01 3.391876604682831364e-01 9.089618600374778368e-03 -5.120240398553903560e-01 -5.355309903373535185e-01
9.999999999999992228e-02 9.999999999999999167e-02 1.000000000000000056e-01 9.999999999999990841e-02 1.102480188030212194e+00 2.299044898121066272e+00 1.476926311517432033e+00 8.776566927336111323e-01 3.338743231239835740e-01 9.622462690180615813e-03 -5.028244169865074831e-01 -5.066388395449868964e-01
1.000000000000000056e-01 1.000000000000000056e-01 9.999999999999992228e-02 9.999999999999999167e-02 1.070030769957136974e+00 2.312137517727681502e+00 1.430687561899954385e+00 7.781487051039618352e-01 3.105919243929283202e-01 7.581117820585866682e-03 -4.686295410244001314e-01 -3.954383074632852324e-01
9.999999999999996392e-02 1.000000000000000056e-01 9.999999999999992228e-02 9.999999999999990841e-02 1.067471566589199394e+00 2.345523360073277441e+00 1.417599576167095865e+00 7.314824438456444256e-01 2.959851436750796094e-01 -2.384483594114609681e-03 -4.661898419210334654e-01 -3.531197672200952486e-01
1.000000000000000056e-01 9.999999999999993616e-02 1.000000000000000056e-01 9.999999999999996392e-02 1.070307614114718087e+00 2.431697304740705334e+00 1.398991313251698010e+00 6.397987973243369764e-01 2.672755251164935508e-01 -2.744088707766220714e-02 -4.681786908779491108e-01 -2.744730242217883753e-01
1.000000000000000056e-01 9.999999999999993616e-02 9.999999999999989453e-02 1.000000000000000056e-01 1.075569703102172259e+00 2.459870375042323865e+00 1.372960878937073748e+00 5.854959326946928000e-01 2.583519647312608192e-01 -3.604758043529412981e-02 -4.432047856760992222e-01 -2.299288367380646902e-01
9.999999999999978351e-02 1.000000000000000056e-01 9.999999999999995004e-02 1.000000000000000056e-01 1.084686300731802611e+00 2.557323488581329407e+00 1.343025781150791076e+00 4.814571628966566319e-01 2.357454994121275238e-01 -6.227194535537006193e-02 -4.229329973002313725e-01 -1.380252022489913688e-01
9.999999999999990841e-02 1.000000000000000056e-01 9.999999999999983902e-02 9.999999999999997780e-02 1.134464659737749459e+00 2.605315771723986540e+00 1.325236524169200347e+00 4.612672387215205339e-01 2.487866484887574503e-01 -7.807386316329717468e-02 -3.790895428820195145e-01 -1.533172195428941509e-01
9.999999999999988065e-02 1.000000000000000056e-01 9.999999999999999167e-02 9.999999999999986677e-02 1.181929095859439505e+00 2.646315478395405485e+00 1.328397957160420084e+00 4.917778933215450343e-01 2.764809276782005387e-01 -8.610248057820141243e-02 -3.475196614287853203e-01 -2.005175150820288910e-01
9.999999999999971412e-02 1.000000000000000056e-01 9.999999999999990841e-02 1.000000000000000056e-01 1.277103422311303582e+00 2.815034408320714387e+00 1.376556895783360934e+00 5.267012457445137130e-01 3.014287052902773212e-01 -1.295294566292344851e-01 -3.576368305396545044e-01 -2.870979632591421637e-01
9.999999999999989453e-02 1.000000000000000056e-01 9.999999999999981126e-02 1.000000000000000056e-01 1.250618549682429581e+00 2.754120076982365717e+00 1.365648969562720083e+00 5.477029695583608415e-01 3.064497188076498180e-01 -1.083123391397735752e-01 -3.471417613040248540e-01 -2.835667541075729270e-01
1.000000000000000056e-01 9.999999999999986677e-02 9.999999999999990841e-02 1.000000000000000056e-01 1.277942170180960346e+00 2.839782253285535241e+00 1.354578587653273880e+00 5.092442511805745919e-01 3.075185512221580986e-01 -1.265738239705632706e-01 -3.216130101680044207e-01 -2.600643554775730615e-01
1.000000000000000056e-01 1.000000000000000056e-01 9.999999999999970024e-02 1.000000000000000056e-01 1.284077336753715715e+00 2.914381423317652597e+00 1.344277420171613446e+00 4.639530094804676930e-01 2.997640742547715842e-01 -1.400793161372849427e-01 -3.072818700942753223e-01 -2.185090649649631123e-01
1.000000000000000056e-01 9.999999999999989453e-02 1.000000000000000056e-01 1.000000000000000056e-01 1.289774821093985890e+00 2.971082840376717549e+00 1.343942565475890527e+00 4.455081687389760847e-01 2.969900489007131772e-01 -1.480588892527268108e-01 -2.992118920234506096e-01 -2.049614519532327594e-01
9.999999999999971412e-02 9.999999999999993616e-02 9.999999999999989453e-02 1.000000000000000056e-01 1.311076906269063924e+00 3.112118423234421449e+00 1.356751989476151055e+00 4.204116297211097919e-01 2.937367039824571591e-01 -1.687427304337855427e-01 -2.894125302813187472e-01 -1.994922924717231483e-01
9.999999999999967248e-02 1.000000000000000056e-01 9.999999999999985290e-02 1.000000000000000056e-01 1.309724091704717264e+00 3.292009561706515708e+00 1.387936506732712072e+00 3.954368322743729847e-01 2.770774006145366175e-01 -1.876234739836741827e-01 -2.992960587616884660e-01 -1.948663686088320246e-01
1.000000000000000056e-01 9.999999999999995004e-02 1.000000000000000056e-01 9.999999999999986677e-02 1.339016979688838038e+00 3.534052990712384101e+00 1.424523243392044280e+00 3.951181057948502384e-01 2.761432486864680569e-01 -2.079837573767088499e-01 -2.760474782648797420e-01 -2.416384182659463975e-01
1.000000000000000056e-01 9.999999999999997780e-02 9.999999999999999167e-02 1.000000000000000056e-01 1.314983620659688990e+00 3.429003676609111650e+00 1.415957003325176711e+00 4.188417275667981055e-01 2.755589514848756916e-01 -1.863590310304419628e-01 -2.796244198988279139e-01 -2.564417730443103727e-01
1.000000000000000056e-01 9.999999999999993616e-02 9.999999999999996392e-02 1.000000000000000056e-01 1.296679060029628738e+00 3.546528359487458815e+00 1.419446965295025676e+00 3.461904663859128872e-01 2.446792466466805593e-01 -2.048668535440472949e-01 -2.925543980987042603e-01 -1.920160629657402529e-01
9.999999999999979738e-02 9.999999999999999167e-02 9.999999999999995004e-02 9.999999999999995004e-02 1.306388637868309166e+00 3.586450534965179404e+00 1.425571280905158389e+00 3.604817820004598827e-01 2.491554223645646993e-01 -2.032021972894732242e-01 -2.778791530621138595e-01 -2.226218958050549257e-01
1.000000000000000056e-01 9.999999999999986677e-02 1.000000000000000056e-01 9.999999999999990841e-02 1.300782856187920666e+00 3.725152239509215590e+00 1.438818914428283913e+00 3.425119898681528996e-01 2.333459047220222682e-01 -2.053964261683312309e-01 -2.590507289249730505e-01 -2.412494209603251449e-01
9.999999999999978351e-02 1.000000000000000056e-01 1.000000000000000056e-01 9.999999999999978351e-02 1.259260565422446465e+00 3.938311904913266215e+00 1.444652610971067341e+00 2.908209218836135257e-01 1.866602931650224728e-01 -1.909520875521418248e-01 -2.124407658419881217e-01 -2.678628737822625894e-01
1.000000000000000056e-01 9.999999999999988065e-02 9.999999999999990841e-02 1.000000000000000056e-01 1.177011413538334494e+00 4.029916024400370667e+00 1.408645875645313739e+00 2.325209280932526157e-01 1.221286219161962922e-01 -1.344348053111086849e-01 -1.264514172132278624e-01 -3.144394150395050103e-01
9.999999999999961697e-02 9.999999999999997780e-02 9.999999999999988065e-02 1.000000000000000056e-01 1.165048345770495430e+00 4.067883430367325026e+00 1.388177450218129438e+00 1.951724003274566965e-01 1.050210047633111932e-01 -1.256487049794531297e-01 -9.196241565847979027e-02 -3.085085152705822620e-01
9.999999999999990841e-02 9.999999999999993616e-02 9.999999999999995004e-02 1.000000000000000056e-01 1.132048269078454128e+00 3.915919567058250284e+00 1.299504987077308771e+00 1.182009116188946218e-01 7.531367338122946231e-02 -8.426949025143902483e-02 -1.234083944465218241e-02 -2.840565361509215792e-01
9.999999999999988065e-02 1.000000000000000056e-01 9.999999999999988065e-02 9.999999999999985290e-02 1.028368497757788491e+00 4.116297617146270404e+00 1.249839288608082688e+00 -2.959947764294895700e-02 -2.840453755539257275e-02 -3.349530753435282782e-02 9.570408426306153959e-02 -2.890656856560106513e-01
9.999999999999999167e-02 9.999999999999992228e-02 9.999999999999976963e-02 9.999999999999997780e-02 9.194110831381440141e-01 4.027679434649540369e+00 1.161509072050280755e+00 -1.733166384726883558e-01 -1.238976064758181977e-01 3.338992372816868004e-02 1.806668956322177444e-01 -2.729505729282610815e-01
1.000000000000000056e-01 9.999999999999995004e-02 9.999999999999985290e-02 1.000000000000000056e-01 7.887524712096242174e-01 4.047023138472667370e+00 1.131033441439620812e+00 -2.617494152622589776e-01 -2.338743171971728041e-01 1.138914447136251812e-01 2.481573246057218740e-01 -3.638397576535858380e-01
9.999999999999972800e-02 1.000000000000000056e-01 9.999999999999990841e-02 1.000000000000000056e-01 5.412037281281785184e-01 3.989445108863011402e+00 1.142726276682139552e+00 -3.548288219380662523e-01 -4.288418042126843632e-01 2.514487607804098412e-01 2.683427109048365788e-01 -5.811001210835704534e-01
9.999999999999981126e-02 1.000000000000000056e-01 9.999999999999997780e-02 9.999999999999996392e-02 5.261920516027196459e-01 3.980200383198982284e+00 1.208489564805601324e+00 -3.045624095751044424e-01 -4.297512918663149994e-01 2.409260018758935806e-01 1.866408309303611013e-01 -6.232704294713224957e-01
9.999999999999953371e-02 9.999999999999975575e-02 9.999999999999985290e-02 9.999999999999960310e-02 4.574666278535449715e-01 3.898229775725714052e+00 1.204752667562531743e+00 -3.735467391511207436e-01 -4.822368726941659300e-01 2.534953027244839507e-01 1.478831693027597982e-01 -5.902182067855750169e-01
1.000000000000000056e-01 1.000000000000000056e-01 1.000000000000000056e-01 1.000000000000000056e-01 3.745342229395726141e-01 3.896346157875199889e+00 1.127301789993282899e+00 -5.528979981112985831e-01 -5.623285056649570679e-01 2.766663471028492083e-01 2.058315106093279445e-01 -4.826550624003455581e-01
1.000000000000000056e-01 9.999999999999992228e-02 9.999999999999995004e-02 9.999999999999978351e-02 4.463699472212027120e-01 3.896972115665415792e+00 1.178242164784706336e+00 -4.631458049887190453e-01 -4.975906474585961581e-01 2.308567392879975477e-01 1.369108234782076550e-01 -4.785593077522988237e-01
9.999999999999913125e-02 9.999999999999990841e-02 1.000000000000000056e-01 1.000000000000000056e-01 4.554911166531762090e-01 3.879317207027180192e+00 1.192972098913865908e+00 -4.398515859974381215e-01 -4.852668785093797732e-01 2.216499682439727892e-01 1.080491456429910901e-01 -4.820501547952599219e-01
1.000000000000000056e-01 1.000000000000000056e-01 9.999999999999990841e-02 1.000000000000000056e-01 4.587612805018335127e-01 3.859143036622109779e+00 1.202974827384662770e+00 -4.255922805335216053e-01 -4.761066868376304106e-01 2.123157688732753012e-01 7.637031551665732221e-02 -4.787552000915314410e-01
9.999999999999882594e-02 1.000000000000000056e-01 1.000000000000000056e-01 1.000000000000000056e-01 4.633658334529031086e-01 3.837068610694577497e+00 1.204030392812360351e+00 -4.098587576828373047e-01 -4.609185010401865568e-01 2.016398142556140305e-01 4.411763751628989400e-02 -4.707738794039156849e-01
9.999999999999967248e-02 9.999999999999989453e-02 9.999999999999995004e-02 1.000000000000000056e-01 4.676685209357936968e-01 3.793385418984115631e+00 1.181979441711517920e+00 -3.744063667729868872e-01 -4.225965232693737472e-01 1.863938963952897210e-01 -9.242935797009119159e-03 -4.597368249410588859e-01
9.999999999999989453e-02 1.000000000000000056e-01 9.999999999999986677e-02 9.999999999999995004e-02 4.782399241262605405e-01 3.728543016524082709e+00 1.100268674042720107e+00 -2.949403083495049094e-01 -3.338170740172171636e-01 1.702197094391808552e-01 -7.092219370097094244e-02 -4.542178920472251247e-01
9.999999999999990841e-02 9.999999999999996392e-02 1.000000000000000056e-01 9.999999999999989453e-02 4.474172247185383977e-01 3.621723956080465712e+00 8.520384775499613150e-01 -1.214668978875802496e-01 -1.629206003054984586e-01 1.993564509245326077e-01 -1.049871251520425042e-01 -5.388250050921434831e-01
9.999999999999960310e-02 1.000000000000000056e-01 1.000000000000000056e-01 9.999999999999983902e-02 1.415907100950584141e-01 3.513073365093173361e+00 4.787183192539986587e-01 -9.583617696392869589e-02 -1.779887558581846330e-01 4.028290236205021024e-01 9.385266641643949526e-03 -8.179379928929055854e-01
9.999999999999970024e-02 9.999999999999986677e-02 9.999999999999978351e-02 9.999999999999964473e-02 3.044039257341785154e-01 3.622035377304911652e+00 5.147436218117937834e-01 -2.887332680128082418e-02 -9.210245388336762984e-02 3.471758057410544995e-01 8.032700476514320620e-02 -7.649257764184428376e-01
9.999999999999945044e-02 9.999999999999976963e-02 1.000000000000000056e-01 9.999999999999985290e-02 2.665375876176168668e-01 3.608404977328366847e+00 5.315718213404519998e-01 -1.549456603863842430e-01 -1.572646252388371080e-01 3.356460310486337195e-01 7.536049586824991597e-02 -6.548333289288026382e-01
9.999999999999942268e-02 1.000000000000000056e-01 9.999999999999963085e-02 9.999999999999978351e-02 2.255509708737568619e-01 3.595497742701732058e+00 4.499617838770724743e-01 -1.833580391225685668e-01 -1.492252768488708803e-01 3.503303666652255455e-01 1.019213456374814253e-01 -6.293676784589651296e-01
9.999999999999997780e-02 9.999999999999993616e-02 9.999999999999996392e-02 9.999999999999999167e-02 1.861542697008340685e-01 3.569188475666190019e+00 3.712058982516853733e-01 -1.875860992266767113e-01 -1.197029479223998966e-01 3.499517872603521984e-01 9.267814764819803930e-02 -5.952888220984338119e-01
1.000000000000000056e-01 9.999999999999990841e-02 9.999999999999974187e-02 9.999999999999999167e-02 1.300599519793498582e-01 3.529202390572813819e+00 2.886204875024975247e-01 -1.708796171981521728e-01 -8.505913123478509030e-02 3.531347251700554524e-01 6.087244250392818273e-02 -5.869826358422735035e-01
1.000000000000000056e-01 9.999999999999972800e-02 9.999999999999996392e-02 1.000000000000000056e-01 7.108807436089686904e-02 3.511995874154985486e+00 2.666249196921668396e-01 -1.695982994621605955e-01 -7.769115206276833163e-02 3.431602395858753263e-01 1.185894272899613161e-02 -5.733495580509402334e-01
1.000000000000000056e-01 9.999999999999993616e-02 9.999999999999996392e-02 1.000000000000000056e-01 5.300677212733380383e-02 3.491099683576702084e+00 2.334411189347830318e-01 -1.287724252513366419e-01 -5.004097308007855738e-02 3.459184630428833729e-01 -1.249175718393716328e-02 -6.029348850762122902e-01
1.000000000000000056e-01 1.000000000000000056e-01 9.999999999999996392e-02 1.000000000000000056e-01 6.072769175488015869e-02 3.499303040123965758e+00 2.429970698123846695e-01 -1.223669573722455384e-01 -5.177153181702044693e-02 3.456473370434854919e-01 -7.545663597865509900e-03 -6.148833182903650219e-01
1.000000000000000056e-01 1.000000000000000056e-01 1.000000000000000056e-01 1.000000000000000056e-01 5.674657440541300973e-02 3.511157631443628357e+00 2.408215404531321158e-01 -1.182159598984538068e-01 -5.517426091368640706e-02 3.461197381486066926e-01 1.544716275038904643e-03 -6.320248101423870946e-01
1.000000000000000056e-01 9.999999999999967248e-02 9.999999999999995004e-02 9.999999999999983902e-02 4.624387974163556014e-02 3.538646439690177559e+00 2.353175097813121897e-01 -1.204430273878516894e-01 -6.301420557096834574e-02 3.358094560001682050e-01 1.581680115580575557e-02 -6.472044701992217819e-01
9.999999999999979738e-02 9.999999999999990841e-02 9.999999999999999167e-02 9.999999999999999167e-02 1.661933975746510139e-02 3.591607763389069508e+00 2.191054995458200649e-01 -1.428031068987059837e-01 -8.092057203474309346e-02 3.033170327625186458e-01 3.619357830981061175e-02 -6.480194611974798846e-01
9.999999999999978351e-02 1.000000000000000056e-01 9.999999999999981126e-02 1.000000000000000056e-01 -1.478216524741753080e-02 3.645174828056774619e+00 2.048337069658803800e-01 -1.789786730636473144e-01 -9.893461863432620462e-02 2.520841847610597597e-01 4.449473764732399250e-02 -6.175048388585545611e-01
9.999999999999881206e-02 1.000000000000000056e-01 1.000000000000000056e-01 1.000000000000000056e-01 -3.857580581074170761e-02 3.674208332464358850e+00 1.908123956751231198e-01 -2.092626808279539896e-01 -1.046154327264866429e-01 2.013263157518428992e-01 3.404235039033678967e-02 -5.690961825469016411e-01
1.000000000000000056e-01 1.000000000000000056e-01 1.000000000000000056e-01 9.999999999999993616e-02 -5.835404628848060715e-02 3.670662406301576475e+00 1.593632172508420708e-01 -2.169763983296448817e-01 -9.484171213045547444e-02 1.851988354344840937e-01 2.691047380960429405e-02 -5.443709505942574411e-01
9.999999999999953371e-02 1.000000000000000056e-01 9.999999999999993616e-02 1.000000000000000056e-01 -5.586183825213958398e-02 3.663823518564303328e+00 1.489659188599494477e-01 -2.115925519791662657e-01 -8.288310067086204769e-02 1.760796463979516779e-01 2.105420106254783652e-02 -5.312640294953875353e-01
9.999999999999958922e-02 9.999999999999986677e-02 9.999999999999999167e-02 9.999999999999979738e-02 -6.197947171955271728e-02 3.657333878957505835e+00 1.189332320425720707e-01 -2.040779057073424940e-01 -6.643500646099109730e-02 1.690779977940073397e-01 2.457814197251766142e-02 -5.227249772411843853e-01
9.999999999999956146e-02 1.000000000000000056e-01 1.000000000000000056e-01 1.000000000000000056e-01 -6.519815792188389525e-02 3.652599355782643720e+00 7.904074746222800041e-02 -1.809044421894553945e-01 -3.622897902321710328e-02 1.473498267846654886e-01 2.840355812364181443e-02 -5.142443110186696309e-01
9.999999999999899247e-02 1.000000000000000056e-01 9.999999999999976963e-02 1.000000000000000056e-01 -6.541007654395743220e-02 3.649620638300094644e+00 4.538174508319638145e-02 -1.445803635894645223e-01 5.416142522049263719e-04 1.101341391175370416e-01 2.515117512377891204e-02 -5.067908997981865893e-01
9.999999999999971412e-02 1.000000000000000056e-01 9.999999999999992228e-02 9.999999999999995004e-02 -5.424810483705379272e-02 3.642157018683996217e+00 3.310560393903987098e-02 -9.227581492605232971e-02 4.354000780808087862e-02 5.637722675066208361e-02 8.391514486144457247e-03 -4.967169461441628964e-01
9.999999999999953371e-02 1.000000000000000056e-01 1.000000000000000056e-01 1.000000000000000056e-01 -2.688799024864244394e-02 3.627391453502707641e+00 5.937835392161774917e-02 -3.899030733451637476e-02 7.941795989386532528e-02 -1.804189064659802999e-04 -2.038170926078305273e-02 -4.802168042838684259e-01
9.999999999999931166e-02 1.000000000000000056e-01 1.000000000000000056e-01 1.000000000000000056e-01 -8.456457133242129692e-03 3.606262865655482042e+00 8.585455833906655010e-02 -7.004178402835320449e-03 1.008710041762340415e-01 -2.907136318146293780e-02 -5.094861790085576658e-02 -4.644164829381349224e-01
9.999999999999940881e-02 1.000000000000000056e-01 9.999999999999992228e-02 9.999999999999999167e-02 -6.080684403743446056e-03 3.604213591735422995e+00 9.803415930163225656e-02 -1.376190384403909103e-02 9.500703165349737300e-02 -2.805269100120406228e-02 -5.438175053797637826e-02 -4.575603696480130544e-01
1.000000000000000056e-01 1.000000000000000056e-01 9.999999999999995004e-02 1.000000000000000056e-01 -9.072042011509176204e-03 3.601109257498355642e+00 9.200609678871306263e-02 -1.031017232784237417e-02 1.000997274576524432e-01 -3.183806388240193602e-02 -5.913747701280996916e-02 -4.543101823965139396e-01
1.000000000000000056e-01 1.000000000000000056e-01 9.999999999999995004e-02 1.000000000000000056e-01 -9.072042011509176204e-03 3.601109257498355642e+00 9.200609678871306263e-02 -1.031017232784237417e-02 1.000997274576524432e-01 -3.183806388240193602e-02 -5.913747701280996916e-02 -4.543101823965139396e-01
