7.792370413686993125e-01
1.006761642160314052e+00
7.388376000355347806e-01
2.625465819138821794e-02
-3.176444847041714481e-01
-1.144499245583492503e-01
1.135840835054929693e-01
-3.179471931607119606e-02
2.948164613752951579e-02
6.255461670749985770e-02
-4.039622922755474743e-01
-6.628123895933801801e-01
-3.791517799903560970e-01
-6.872400194129308915e-01
-7.022950273559318557e-01
-7.394119542071846407e-01
-7.411872238891095144e-01
-7.412500770772262326e-01
-7.412624546213566479e-01
-7.412647629381972081e-01
-7.412647629381972081e-01
