1.951462389760788785e+00 1.573294296321471997e+00 2.456247798747817956e+00 2.815383591776932093e-02 1.417805228978043057e-02 2.791030009962992831e-02 2.095788528434389120e-02 4.912339325442913185e-02 7.707602844422005439e-02 1.467393450140449564e-02 8.440121775859789344e-02 4.901482462025206349e-02
1.502264427026866134e+00 1.502264427026866800e+00 1.502264427026868576e+00 1.502264427026865912e+00 1.320220676496589585e-01 7.655660113074259920e-02 1.002231221388971139e-01 8.606420631900432716e-02 1.958743439692749999e-01 5.630524567961189136e-02 1.945638037323375036e-01 1.632843792352728085e-01
1.275939049112642776e+00 1.275939049112642998e+00 1.275939049112642776e+00 2.137729133875574838e+00 5.282018135447403839e-01 1.275893306639624136e-01 4.188536917675388382e-01 2.377571292181740736e-01 6.149654443740855125e-01 2.325473323796477254e-01 5.100918549892521359e-01 5.516102566467390167e-01
6.897596397325900242e-02 6.897596397325456152e-02 6.897596397326388740e-02 3.999999999999979572e+00 3.064030187593318466e+00 2.525397032957415466e-01 2.483037603789459702e+00 1.004880296496931003e+00 2.760262543433067428e+00 1.301098563532213870e+00 2.046212489899874587e+00 2.797918392585623693e+00
1.130511090678449460e+00 1.130511090678449238e+00 1.130511090678449460e+00 2.741858149951057477e+00 1.588711231476294783e+00 1.446253098273492521e-01 1.142839070065411855e+00 2.659483256832360643e-01 1.488452991283695237e+00 3.278288133557403783e-01 1.166441422969378916e+00 1.694344117071582945e+00
1.611692552467753670e+00 1.611692552467753670e+00 1.611692552467753670e+00 3.876920076120670799e+00 1.451609431347199664e+00 1.200094889996146247e-01 8.777351531211141644e-01 -1.435989982989838154e-02 1.314581955214504161e+00 -2.558178204317968496e-01 1.254038819306298347e+00 1.724424546582351336e+00
1.281758001157699445e+00 1.281758001157699667e+00 1.535057492231233445e+00 3.002306941526539763e+00 1.536488145031743358e+00 1.203509447136249660e-01 1.077770864781022020e+00 1.146439095099273109e-01 1.400099918493964424e+00 1.460308314322846315e-02 1.285571500095401998e+00 1.705794273986826370e+00
9.992784488157762102e-01 1.044602875107376150e+00 1.319399558254399141e+00 3.152174378825900014e+00 1.540781021246555582e+00 1.193420090360668429e-01 1.121999390538723995e+00 7.922898678734728584e-02 1.467171817209754092e+00 3.742758239782663365e-02 1.420668091074128281e+00 1.712606665619475166e+00
1.091012185808070356e+00 1.091012185808070356e+00 1.420057236174111504e+00 3.240910109151795115e+00 1.497617030914115466e+00 1.135390649061774893e-01 1.043896180826149100e+00 2.525327841062648127e-02 1.446602712034579241e+00 3.659218855077607524e-02 1.466511851683552248e+00 1.752067855560914378e+00
1.064136786610530683e+00 1.064136786610530683e+00 1.460106194122385181e+00 3.251413248398490108e+00 1.473180832634462867e+00 1.038665257387128282e-01 9.788742193871541319e-01 -2.890300728701324096e-02 1.483140221573827189e+00 1.068052813459631351e-01 1.575417625958090317e+00 1.761631027091943080e+00
9.304249375622741791e-01 9.431717149635402420e-01 1.648316082144567263e+00 3.312768108083863350e+00 1.400274650732260762e+00 5.176398475994557075e-02 7.056681926477603728e-01 -3.250692225214593667e-01 1.743725778602122078e+00 4.127428849816316414e-01 2.181396756668944725e+00 1.720341924473687945e+00
1.004435349460543581e+00 1.004435349460543581e+00 1.534747244412278055e+00 3.270012834523249978e+00 1.457300111180959590e+00 7.530879543296739587e-02 8.356576178196145621e-01 -2.027902001009613542e-01 1.660524324082841785e+00 2.709977864864323571e-01 1.979466897718990648e+00 1.704036678129460469e+00
1.028726945951256466e+00 1.028726945951256466e+00 1.487022623355337192e+00 3.247060221377267908e+00 1.505990698456443289e+00 7.535235907275041056e-02 8.418152998435455281e-01 -2.437111137599553001e-01 1.715531203307024688e+00 2.395963165503616765e-01 2.139663791727108855e+00 1.659264101514128509e+00
1.047800003196498908e+00 1.047800003196498908e+00 1.465098007099011834e+00 3.235320087425058944e+00 1.535623445568873091e+00 7.489673938237487172e-02 8.353337325428582538e-01 -2.948318704834829163e-01 1.741111638873848344e+00 2.080145218930999906e-01 2.226738070374008061e+00 1.659388639861478110e+00
1.093537555246305581e+00 1.093537555246305359e+00 1.386677075049351338e+00 3.221532381359117014e+00 1.623786858207481032e+00 7.571706370854820733e-02 8.166633776668787981e-01 -4.669496686193551627e-01 1.813159541423551957e+00 1.206357340250288207e-01 2.415094275674373847e+00 1.697076344216011057e+00
1.209650076027849241e+00 1.209650076027849464e+00 1.209650076027849464e+00 3.162341738836397909e+00 1.893788906961059837e+00 8.041479920257936509e-02 7.630303939206223296e-01 -1.021234833610418669e+00 2.039263496643313633e+00 -1.118803198656425218e-01 2.886488245803428665e+00 1.841595735183221505e+00
1.224986879187320854e+00 1.224986879187320632e+00 1.224986879187322408e+00 3.089062057154066565e+00 1.982474744690693846e+00 7.625880974786207467e-02 7.491901077066971393e-01 -1.218899587462591638e+00 2.061373843625263103e+00 -1.794411708038078368e-01 2.929402965583728147e+00 1.896446315272867889e+00
1.211460059536807909e+00 1.211460059536807687e+00 1.211460059536807465e+00 3.000839941480171191e+00 2.167478424552873761e+00 4.928302808727520745e-02 7.223343723889047441e-01 -1.675124719031690024e+00 2.066903850062543846e+00 -2.072527581453034451e-01 2.911577080144630347e+00 1.980936024026190179e+00
1.186675396631725610e+00 1.186675396631725610e+00 1.186675396631726720e+00 2.976407983170066274e+00 2.538850724501942935e+00 -5.969103527275870791e-02 8.469660353447892032e-01 -2.509681582804602407e+00 1.997233376201027699e+00 -2.068403191343330672e-01 2.560704477078940666e+00 2.172082748030295996e+00
1.187500435945432642e+00 1.187500435945432642e+00 1.187500435945432864e+00 3.065485641046699961e+00 2.298276391689461740e+00 -5.356320644727685654e-04 8.596043677830661478e-01 -1.975738634575986197e+00 1.994272838005420878e+00 -1.753466880036431141e-01 2.499526922590735278e+00 2.023793186481600337e+00
1.181665143408179297e+00 1.181665143408179297e+00 1.181665143408181962e+00 3.081581473042318109e+00 2.333851822408078203e+00 -6.464922905178266226e-03 8.793584753480132576e-01 -2.114566310750270350e+00 2.131979067279903273e+00 -2.086341353142670552e-01 2.667973852724379036e+00 1.955362538186551369e+00
1.167177692989859183e+00 1.167177692989859183e+00 1.167177692989858295e+00 3.080211027694129022e+00 2.395220565206058083e+00 -1.913062209279952144e-02 1.023324604820085248e+00 -2.244727190774691739e+00 2.141203435633483920e+00 -2.723924560654548688e-01 2.524875763994151701e+00 1.915360630563860189e+00
1.188373409117888135e+00 1.188373409117888135e+00 1.188373409117888579e+00 3.022653624324978416e+00 2.492605739800165310e+00 -2.299198748128594358e-02 1.402403228587747019e+00 -2.422369804257316517e+00 2.188919890704395410e+00 -4.562723291315873286e-01 2.266255982908598643e+00 1.715722564259658967e+00
1.204511520654972356e+00 1.204511520654972356e+00 1.204511520654973245e+00 2.992896621019337733e+00 2.482469014559909315e+00 6.497355602016370579e-04 1.488926676748230538e+00 -2.389146554960304147e+00 2.187058632202580455e+00 -5.313594202054117144e-01 2.285404047376268455e+00 1.634704257754366674e+00
1.220472101262347842e+00 1.220472101262347842e+00 1.220472101262347620e+00 2.973371785532799461e+00 2.515051882161956520e+00 4.135425381291880920e-02 1.585901957398051509e+00 -2.482183572039856845e+00 2.198495358213173656e+00 -6.484377675835599764e-01 2.367575874630535537e+00 1.548370802901757326e+00
1.251515099047938007e+00 1.251515099047938007e+00 1.251515099047938007e+00 2.972862070489091124e+00 2.546561007336241023e+00 1.309398450416502102e-01 1.678914697785592214e+00 -2.603375966830264510e+00 2.162750729783263548e+00 -7.784909399130610641e-01 2.408595418543687749e+00 1.448982594117067313e+00
1.304200878086770654e+00 1.304200878086770654e+00 1.304200878086770876e+00 2.942177375587475829e+00 2.682136431935600029e+00 4.086258397212613191e-01 1.980897079634745150e+00 -3.057303037672337354e+00 2.063559667972274081e+00 -1.195255455836269576e+00 2.474494090548142289e+00 1.171313066692247551e+00
1.352492326345886564e+00 1.352492326345886564e+00 1.352492326345886342e+00 2.892495067360394412e+00 2.794115977584230137e+00 5.856531994512421679e-01 2.068437906302359686e+00 -3.377490228371013092e+00 1.972937357740514930e+00 -1.395335293422284906e+00 2.536587836889453662e+00 1.084925187413308345e+00
1.325218135631970551e+00 1.325218135631970329e+00 1.325218135631970329e+00 2.896431950476375583e+00 2.748275813966214454e+00 4.755968386417987470e-01 1.935577795044478577e+00 -3.189172715664966518e+00 1.996472790471700121e+00 -1.209825555083351212e+00 2.487217598596979773e+00 1.224785372891004309e+00
1.292137575917565950e+00 1.292137575917565950e+00 1.413430280990980448e+00 2.870050693071906966e+00 2.725230212804622631e+00 4.710496379814215762e-01 2.070574303540232197e+00 -3.148273784981554080e+00 2.000505931649633862e+00 -1.209543759565939514e+00 2.398937404302822873e+00 1.110773479670949859e+00
1.334911525839496349e+00 1.334911525839496349e+00 1.334911525839496349e+00 2.884851414532105363e+00 2.797461483596261012e+00 5.319549803802118282e-01 2.061139706779822056e+00 -3.289898280917168183e+00 1.998977404076863529e+00 -1.297456307307502499e+00 2.447675289643705288e+00 1.165709616202364352e+00
1.332886159492350675e+00 1.332886159492350675e+00 1.332886159492350453e+00 2.889466282872651171e+00 2.782345574167682578e+00 5.198353005450140341e-01 2.021164686787743747e+00 -3.261545794614199245e+00 2.000488555369958732e+00 -1.261005343504051801e+00 2.471851688454339335e+00 1.193154760914310719e+00
1.334097651902267145e+00 1.334097651902267145e+00 1.334097651902267145e+00 2.890583950686103965e+00 2.783317744348458245e+00 5.298235699139640653e-01 2.025420120675597069e+00 -3.262894186477947489e+00 2.003921334028572421e+00 -1.253258769093381408e+00 2.482121358489564056e+00 1.202908845735559673e+00
1.336737847315121241e+00 1.336737847315121241e+00 1.336737847315121241e+00 2.896012535883335293e+00 2.786815718848461465e+00 5.639970929808878486e-01 2.050853783719506662e+00 -3.252370864353824054e+00 2.024030404907248837e+00 -1.225023561076119094e+00 2.501861002582211224e+00 1.238645174275020855e+00
1.337932073049370008e+00 1.337932073049370008e+00 1.337932073049370008e+00 2.899654436883939645e+00 2.790438814282582225e+00 5.817250744211157620e-01 2.068100370482615524e+00 -3.239262521779079584e+00 2.040407483862328952e+00 -1.214351046920597588e+00 2.503067726189291520e+00 1.257223567599061953e+00
1.339811871676870769e+00 1.339811871676870769e+00 1.339811871676870769e+00 2.903715094591630130e+00 2.798710725558381629e+00 6.002293153017496108e-01 2.087049144496852637e+00 -3.219917704310411910e+00 2.064119988889525636e+00 -1.209081489960442957e+00 2.497827251416730121e+00 1.278741498848169345e+00
1.341808307387387433e+00 1.341808307387387433e+00 1.341808307387387433e+00 2.905695075355042789e+00 2.809251957306592828e+00 6.092889937021559454e-01 2.096319722296434040e+00 -3.207230606786821259e+00 2.081811183448035063e+00 -1.212094757067578632e+00 2.492416755753854574e+00 1.293581984296862553e+00
1.343870454734310993e+00 1.343870454734310993e+00 1.343870454734310993e+00 2.906105260623323083e+00 2.821170596359976912e+00 6.114907577123552818e-01 2.099963926374316614e+00 -3.201772946239572093e+00 2.092741261907071326e+00 -1.219400960587503135e+00 2.490110682449567570e+00 1.303411032492432398e+00
1.345661147574378713e+00 1.345661147574378713e+00 1.345661147574378713e+00 2.905498302925039411e+00 2.831423912791555697e+00 6.097496589171323977e-01 2.102073363047109122e+00 -3.202688181948640800e+00 2.096151575782675192e+00 -1.227512686397456365e+00 2.491512367442246134e+00 1.307609811681711864e+00
1.347594055058979556e+00 1.347594055058979556e+00 1.347594055058979556e+00 2.904459466174225568e+00 2.841455554252450000e+00 6.069195096257760103e-01 2.106260966135912849e+00 -3.206503703196915911e+00 2.095793677806788935e+00 -1.236515069952675239e+00 2.495372011609982899e+00 1.309225923560525473e+00
1.349059118904734955e+00 1.349059118904734955e+00 1.349059118904734955e+00 2.903679781694762596e+00 2.847745700893454579e+00 6.053699660734238597e-01 2.112130881269376204e+00 -3.209843526044024120e+00 2.093829116171322724e+00 -1.242829018293711396e+00 2.499238971225855810e+00 1.309340510203552910e+00
1.349655559544570727e+00 1.349655559544570727e+00 1.349655559544570727e+00 2.903464803490253932e+00 2.849264865405626512e+00 6.054775735890159938e-01 2.116548605026095320e+00 -3.210813312904885475e+00 2.092673091896371851e+00 -1.244945779728328983e+00 2.500911368934947365e+00 1.309389968843673646e+00
1.349655559544570727e+00 1.349655559544570727e+00 1.349655559544570727e+00 2.903464803490253932e+00 2.849264865405626512e+00 6.054775735890159938e-01 2.116548605026095320e+00 -3.210813312904885475e+00 2.092673091896371851e+00 -1.244945779728328983e+00 2.500911368934947365e+00 1.309389968843673646e+00
