1.902059755238527217e+00
2.924970515800467963e-02
-8.648670301880342359e-01
-1.042519861570869288e+00
-1.285594157896775780e+00
-1.333400781276062208e+00
-1.349651282902967875e+00
-1.359651680553933373e+00
-1.372415015893131418e+00
-1.476374076846958427e+00
-1.516508308991526333e+00
-1.590331023431313717e+00
-1.720852341525461515e+00
-1.890917734061255961e+00
-1.918956452163908866e+00
-1.922444178894689326e+00
-1.922877286825135812e+00
-1.923619243089579767e+00
-1.924653891850262255e+00
-1.925132389140806755e+00
-1.925400089988080321e+00
-1.925834086831845982e+00
-1.926385312972975328e+00
-1.926695113400614501e+00
-1.927031970899135249e+00
-1.927195665852447171e+00
-1.927254863917938099e+00
-1.927284189117229873e+00
-1.927311652009087162e+00
-1.927336182096634376e+00
-1.927358594851364071e+00
-1.927379269168497666e+00
-1.927396871264302591e+00
-1.927407506849777130e+00
-1.927411162225466601e+00
-1.927411981959255005e+00
-1.927412329531810187e+00
-1.927412537896067146e+00
-1.927412610287583705e+00
-1.927412632675375548e+00
-1.927412643501385192e+00
-1.927412649496446972e+00
-1.927412651465122639e+00
