1.943905889177961033e+00
5.032500218498759947e-01
1.932488963049848074e+00
-1.149984110260611203e-01
-1.620683091566300360e-01
-1.837838041613636952e-01
-1.859960253658229090e-01
-1.863575986942951623e-01
-1.867734210323476474e-01
-1.872707329445806868e-01
-1.903404071539477327e-01
-1.790724129192814429e-01
-2.020519963906831362e-01
-2.012365292807516970e-01
-2.053873981601465060e-01
-2.057253365622307428e-01
-2.059556885553665007e-01
-2.061546160790410920e-01
-2.067864419386514774e-01
-2.081401796782078040e-01
-2.080607069036303214e-01
-2.098694119807945624e-01
-2.103320373987208614e-01
-2.111491150903518355e-01
-2.114033054092677721e-01
-2.116642680018433753e-01
-2.118123820993403905e-01
-2.121774427715750755e-01
-2.123748935402967053e-01
-2.126285703638686742e-01
-2.127862938355058742e-01
-2.130725375082681283e-01
-2.134429819568050557e-01
-2.140957054469102006e-01
-2.140696626797230773e-01
-2.145628262582748025e-01
-2.146842727649385663e-01
-2.147600729435659161e-01
-2.148260807264658068e-01
-2.149332040137627020e-01
-2.150916750361096530e-01
-2.151520099733843505e-01
-2.152144772673083017e-01
-2.153204567624446564e-01
-2.154915046584854332e-01
-2.156503623458387309e-01
-2.160403369785864891e-01
-2.163991986243467558e-01
-2.167326769776821149e-01
-2.161521283440548391e-01
-2.176422762250518894e-01
-2.181764637019946718e-01
-2.191243796042783853e-01
-2.203846443811648959e-01
-2.205133699278515880e-01
-2.208426670575864836e-01
-2.210484468040881390e-01
-2.212187611417794075e-01
-2.212702559721803630e-01
-2.213148888368497436e-01
-2.213836587286682478e-01
-2.215724382208232868e-01
-2.219891106870940378e-01
-2.228292853125635742e-01
-2.190285260736635209e-01
-2.232656821194434760e-01
-2.239603571617367339e-01
-2.241129934139913793e-01
-2.243062837970303813e-01
-2.244294369641432474e-01
-2.245043888427220025e-01
-2.245495865121481249e-01
-2.245632261434130916e-01
-2.245876294607555002e-01
-2.246419146963931079e-01
-2.247392536369480776e-01
-2.248363662248584194e-01
-2.249038887838777923e-01
-2.249243670422319541e-01
-2.249346866318455151e-01
-2.249508392136999047e-01
-2.249818580293126979e-01
-2.250225130257919037e-01
-2.250774809885567329e-01
-2.251316737067839968e-01
-2.251498596894717652e-01
-2.251509157829094110e-01
-2.251519981452285157e-01
-2.251519981452285712e-01
