1.950454956795044659e+00
8.392681688567070752e-01
2.479252820886772291e-02
-2.163208417802134909e-01
-5.459342202180041959e-01
-6.612689203156092432e-01
-8.785859952415221441e-01
-2.985854950799077812e-01
-1.131365169535094140e+00
-1.167849980407011712e+00
-1.189751777096035079e+00
-1.202376970098353315e+00
-1.207660087462732568e+00
-1.212709756419362073e+00
-1.216264178994681089e+00
-1.219524521339309331e+00
-1.222175186253041224e+00
-1.223985744569493495e+00
-1.225181938090442291e+00
-1.225912375077892191e+00
-1.226325118773165190e+00
-1.226700923194386172e+00
-1.227240628018700264e+00
-1.228002185030567128e+00
-1.228866701577650877e+00
-1.229599089598334638e+00
-1.230147580314021161e+00
-1.230396859296440715e+00
-1.230483000162507334e+00
-1.230561942143082454e+00
-1.230632891268619300e+00
-1.230690136338956631e+00
-1.230726325920884490e+00
-1.230751667595018972e+00
-1.230768317295627190e+00
-1.230778561570179841e+00
-1.230782448325572487e+00
-1.230785075821193786e+00
-1.230786976954119982e+00
-1.230788489323230372e+00
-1.230789233442790120e+00
