1.984319508006607714e-03 3.995256782009303648e-03 9.606774391418946082e-03 3.785181046711230245e-03 4.706811598798996132e-02 6.732531565328175871e-02 1.311817863474110807e-02 8.236035512961109584e-02 3.599727736875281414e-02 4.138936907614324673e-02 7.019964625513994139e-02 4.052742620948179136e-02
2.168404344971008868e-18 1.734723475976807094e-18 0.000000000000000000e+00 3.961312772022509976e-03 2.282662212040162675e-01 3.164618231644206747e-01 1.942026475955031251e-01 3.318422566560622067e-01 2.157011835472272265e-01 2.918634197172031430e-01 2.471992897001548950e-01 2.928098966741882192e-01
9.999999999999975922e-03 9.999999999999977657e-03 1.000000000000000021e-02 1.000000000000000021e-02 3.118601962738503985e+00 4.907691891737202106e+00 3.271445199066667087e+00 4.815518829488566688e+00 3.449103515784250451e+00 4.684842262767418219e+00 3.602387562656618414e+00 4.569472178163647591e+00
9.999999999999602956e-03 1.000000000000000021e-02 9.999999999999910003e-03 1.000000000000000021e-02 2.477448782148035100e-01 8.083134756735962378e-01 2.915612603771546851e-01 7.267933004574490541e-01 5.078616398135120669e-01 5.472083103982519070e-01 6.966378452507533403e-01 4.708313411903476964e-01
0.000000000000000000e+00 1.214306433183764966e-17 1.734723475976807094e-18 9.999999999999998473e-03 3.834534730139853020e-01 7.028242133536897196e-01 3.588998347310307646e-01 6.594405153058733315e-01 4.517201731596503511e-01 5.683708036989814083e-01 5.614366698867553351e-01 5.608994055886465935e-01
9.999999999999988065e-03 9.999999999999998473e-03 9.999999999999993269e-03 9.999999999999996739e-03 3.803526483097554034e-01 7.710628565587863692e-01 3.747809380675602986e-01 7.133216913708011475e-01 4.882948036158200611e-01 6.080409324457536346e-01 6.181443917869067217e-01 5.848718323308829126e-01
1.628844879964190875e-03 3.404524501870931884e-03 1.000000000000000021e-02 9.999999999999998473e-03 3.597343622692151799e-01 7.604555087329617491e-01 3.565434346913462504e-01 6.991540586545372804e-01 4.803295063893360251e-01 5.866488168380419310e-01 6.169973294734341085e-01 5.607663737838979312e-01
1.529345950347420647e-03 6.729003183133903769e-03 9.999999999999998473e-03 1.000000000000000021e-02 3.649323263492393887e-01 7.574332049572627401e-01 3.595823326170648482e-01 6.979261504411624628e-01 4.792657701674792881e-01 5.882912043146196757e-01 6.127557738250466457e-01 5.644270719421815574e-01
2.805716267694898999e-04 8.686548841088222173e-03 1.000000000000000021e-02 9.999999999999998473e-03 3.651025962194040519e-01 7.576504602436950897e-01 3.597717096648523349e-01 6.981398162750818148e-01 4.793855747739165230e-01 5.885064966240405315e-01 6.128359353652415020e-01 5.645747969919755471e-01
0.000000000000000000e+00 9.999999999999998473e-03 9.999999999999996739e-03 9.999999999999996739e-03 3.653498621800078672e-01 7.576273850943606725e-01 3.599552212253266381e-01 6.981775124590402504e-01 4.793639997921161910e-01 5.885860626238552662e-01 6.126674859425199626e-01 5.646259012168026725e-01
0.000000000000000000e+00 9.999999999999998473e-03 9.999999999999996739e-03 9.999999999999996739e-03 3.653498621800078672e-01 7.576273850943606725e-01 3.599552212253266381e-01 6.981775124590402504e-01 4.793639997921161910e-01 5.885860626238552662e-01 6.126674859425199626e-01 5.646259012168026725e-01
