-8.040932194982738923e-03
-1.459211972460123033e-03
-3.430195546583078015e-01
-3.731327591105253472e-01
-4.427793188055190177e-01
-5.739032014893006295e-01
-6.587838393472185139e-01
-6.950405585266374864e-01
-8.614804186294346966e-01
-9.261692152935903088e-01
-9.981345556383141027e-01
-1.056424113688480437e+00
-1.093085071598628666e+00
-1.127758629459807427e+00
-1.143085504738566627e+00
-1.153839702250835320e+00
-1.160381726529448487e+00
-1.165525927734568867e+00
-1.167341934874754683e+00
-1.168702407698881229e+00
-1.169278608752995163e+00
-1.169782818053597406e+00
-1.170475470622156289e+00
-1.171202481254355998e+00
-1.171929040364157348e+00
-1.172809694884327625e+00
-1.173516020018575912e+00
-1.174122516965230956e+00
-1.174710675789056635e+00
-1.174891069522652653e+00
-1.175952268394652389e+00
-1.176754095631143304e+00
-1.177802279749280423e+00
-1.177993607751070426e+00
-1.178373311103106946e+00
-1.178620739049787591e+00
-1.178825214436963309e+00
-1.179050953389131129e+00
-1.179102362753329913e+00
-1.179155820171952529e+00
-1.179221925907202095e+00
-1.179262634260967113e+00
-1.179307458272071063e+00
-1.179353703023014122e+00
-1.179404055601908530e+00
-1.179470745376850482e+00
-1.179534826850618501e+00
-1.179693952993213335e+00
-1.179913134491971771e+00
-1.180074601223521258e+00
-1.180344148284515171e+00
-1.180577957877325224e+00
-1.180875172846113763e+00
-1.181227789868155575e+00
-1.181482875786707076e+00
-1.181641143317398779e+00
-1.181734866152109653e+00
-1.181786984673746099e+00
-1.181810415728916652e+00
-1.181824942603793893e+00
-1.181832592904372703e+00
-1.181837878954201226e+00
-1.181840797564911227e+00
-1.181842856461418290e+00
-1.181844091835706489e+00
-1.181845062119296852e+00
