-2.091518897157603751e-01
-1.276789087256140209e-01
-4.470964069534719143e-01
-1.711051029282966707e-01
-5.824952417438313823e-01
-6.720122369291107178e-01
-7.400785948194285035e-01
-7.906118665409480606e-01
-8.250063091311710117e-01
-8.650320547598626675e-01
-9.044979315639409823e-01
-9.365123280108662573e-01
-9.517497776373834428e-01
-9.713941701133105289e-01
-9.886818103885284259e-01
-1.008524476933151615e+00
-1.049932470504991722e+00
-1.068474752989561960e+00
-1.099529272206430042e+00
-1.116576857025687319e+00
-1.131872588030935711e+00
-1.140754673738687996e+00
-1.154317424140863357e+00
-1.167995013659103076e+00
-1.179414260319962882e+00
-1.197570186597738617e+00
-1.206117812152669222e+00
-1.220825964382657336e+00
-1.233793013201778255e+00
-1.239657664572647366e+00
-1.252031064696154328e+00
-1.259982607862450532e+00
-1.269834769685658005e+00
-1.277091947452126952e+00
-1.283895839549143103e+00
-1.288379514509163659e+00
-1.292290062626513691e+00
-1.293803158767895756e+00
-1.294865036794412783e+00
-1.295689693300043022e+00
-1.296331301657369872e+00
-1.297014624842917963e+00
-1.297801767146128826e+00
-1.298517775927483298e+00
-1.299607959929832246e+00
-1.300478059751308146e+00
-1.301190349297457027e+00
-1.301557291931001892e+00
-1.301770687984983965e+00
-1.302138898675423206e+00
-1.302973724243617681e+00
-1.303805130817652813e+00
-1.304777019135189509e+00
-1.306022720411980753e+00
-1.307973581871977098e+00
-1.308841223816683330e+00
-1.309839072397535276e+00
-1.310459967625284383e+00
-1.310832158260599511e+00
-1.311502055172742320e+00
-1.312066126838142166e+00
-1.312528343461742075e+00
-1.312682257851799150e+00
-1.313002270125038784e+00
-1.313169565111223180e+00
-1.313403399292733642e+00
-1.313561400860995931e+00
-1.313691896205224641e+00
-1.313826312889312842e+00
-1.313876641837743664e+00
-1.313890773325715022e+00
-1.313895363326614829e+00
-1.313897666804816788e+00
-1.313899184861984093e+00
-1.313900771733615969e+00
-1.313902207405640787e+00
-1.313903791610666394e+00
-1.313905267841994462e+00
-1.313906110301699570e+00
