6.892200265841834650e-01
1.029291631567081089e-01
-2.755569266684015917e-01
-3.389319275658664310e-01
-3.917175433201040002e-01
-4.372446816176099316e-01
-5.349549235975874506e-01
-5.653263830413646218e-01
-6.187717781181539811e-01
-6.491906621828172907e-01
-6.924804753784224998e-01
-7.227482589786894396e-01
-7.460365883872728254e-01
-7.556746209487839039e-01
-7.638810041509942472e-01
-7.763429008979231272e-01
-7.818429851171380118e-01
-7.916381810356132309e-01
-8.009751245219712823e-01
-8.106019497403005314e-01
-8.168060880085321607e-01
-8.313298777048847565e-01
-8.380797552753526114e-01
-8.616887080109598696e-01
-8.912311619677836250e-01
-9.008036558778305114e-01
-9.115154608827227278e-01
-9.219552037980085490e-01
-9.362639118396132165e-01
-9.441843549661650403e-01
-9.537947115807814402e-01
-9.621992167281324670e-01
-9.712353110388931565e-01
-9.774952674236936367e-01
-9.848622534113998794e-01
-9.887386890209514112e-01
-9.944956034921315080e-01
-1.000914634454453944e+00
-1.008153019713008858e+00
-1.017548066338767487e+00
-1.047172168862348540e+00
-1.064807870670172463e+00
-1.090715149755058455e+00
-1.120667095698407278e+00
-1.060036586683103854e+00
-1.174284331570942363e+00
-1.227537432537549433e+00
-1.266505825886986347e+00
-1.289959861405397090e+00
-1.299905479039174416e+00
-1.308511955759428913e+00
-1.316790708886220074e+00
-1.321656454121527213e+00
-1.324070924163424534e+00
-1.329253996088017420e+00
-1.334478258030040498e+00
-1.337422114788156424e+00
-1.339893747578271288e+00
-1.342511651074834056e+00
-1.344330829700469687e+00
-1.345198984160426381e+00
-1.345845634111340505e+00
-1.346197816820113191e+00
-1.346445113024102636e+00
-1.346579105603221915e+00
-1.346731175640100142e+00
-1.346926911910322655e+00
-1.347103415461720743e+00
-1.347243040684108939e+00
-1.347360859121640386e+00
-1.347476254157295550e+00
-1.347602733493388438e+00
-1.347750131748818969e+00
-1.347930780825073560e+00
-1.348146417501207228e+00
-1.348338591749408177e+00
-1.348526478516496097e+00
-1.348693922174236004e+00
-1.348842875738825331e+00
-1.349027415827710019e+00
-1.349163664124431783e+00
-1.349266943921211270e+00
-1.349345554112446166e+00
-1.349423756222620785e+00
-1.349511144190828293e+00
-1.349605318912219021e+00
-1.349688372070703135e+00
-1.349733143226858889e+00
-1.349751519658262566e+00
-1.349766983007492316e+00
-1.349788910476950043e+00
-1.349818619925541086e+00
-1.349837807141880841e+00
-1.349848617054741906e+00
-1.349856115102236354e+00
-1.349863954275444256e+00
-1.349870659209033708e+00
-1.349876349470136461e+00
-1.349881777620335344e+00
-1.349887658873987428e+00
-1.349887658873987428e+00
