8.555204752965198667e-01
1.402139525975334977e-02
2.378053492119149015e-03
2.332386929480235183e-01
-2.115420184871653897e-01
3.450901056865958161e-01
-4.624480061330797920e-01
-5.538460156903941556e-01
-5.780241300197689336e-01
-5.827930542111667833e-01
-5.835470398136655135e-01
-5.836314515591485286e-01
-5.836740522786141305e-01
-5.837924075357163733e-01
-5.838583635845561171e-01
-5.838921503467404683e-01
-5.839019079347067542e-01
-5.839055470609708642e-01
-5.839067859495485902e-01
-5.839067859495485902e-01
