1.599508396212047934e-01
8.035210742875478762e-02
-6.677967834395420743e-01
3.589860175633744488e-01
-5.643895518882438012e-01
-9.209385056345248399e-02
-1.247153169256375732e-01
1.637400461418067332e-01
3.288127914351618442e-01
1.861566537932489718e-01
-3.136271931875542762e-01
-3.571213485549633582e-01
-5.615934412692118460e-01
-5.649105740178816948e-01
-7.361569408347716781e-01
-7.345916827667591242e-01
-7.409103901198830222e-01
-7.412500617800144020e-01
-7.412630686587359241e-01
-7.412629065283928842e-01
-7.412647716829254829e-01
