1.639828002882532942e+00
1.894835265426898230e-01
1.298132527406237191e-01
4.609859323553280319e-01
-2.426219095661577563e-02
-2.759770157489491171e-01
-9.604625973950085827e-02
-2.072871338096349547e-01
-4.226508551313653550e-01
5.015589538653881380e-02
-5.244341659396553057e-01
-5.916318072946570306e-01
-5.911950483446976046e-01
-6.435178307453307545e-01
-6.480686672149409411e-01
-6.491004620799148972e-01
-6.505616451528223321e-01
-6.508285380717608870e-01
-6.509176260087440324e-01
-6.509273714085256346e-01
-6.509273714085255236e-01
