1.714178883510358853e-02
3.912862928376111687e-02
3.810309028909982243e-01
6.193047728301814131e-02
1.165345336881973837e-01
6.138325553875214613e-01
1.814787119982860103e-02
4.884176845405602263e-01
-1.620136395285633468e-01
-1.254247503054702062e-01
2.066664411243395588e-02
-3.563204848173918693e-01
-6.204023734310369909e-01
-2.853275175998969404e-01
-6.268223190743635875e-01
-7.346705299379958642e-01
-7.408911990681332771e-01
-7.411938246948763798e-01
-7.412640596383247571e-01
-7.412649298334118564e-01
