-4.698143907899426930e-02
1.960622863631605040e-01
6.615821643938749053e-02
-1.117174272539935564e-01
-7.426381892915794036e-02
-1.119655915876178465e-01
-2.231966120320466040e-01
-2.654438433856951551e-01
-4.049191954186103781e-01
-2.162483210091649677e-01
-5.420061395832391771e-01
-5.878465615388899224e-01
-6.798362462003725293e-01
-6.990702576173403182e-01
-7.363662352115506460e-01
-7.382943907821023499e-01
-7.401966513571481832e-01
-7.410783054262639613e-01
-7.412587955926522865e-01
-7.412637235223442644e-01
-7.412650070419937176e-01
-7.412650070419939397e-01
