1.590710444644577448e-02
-1.982844151176609282e-01
-6.847731855402512668e-02
-1.821186836754224991e-01
2.001922771025496650e-03
-5.023007987690987219e-01
-3.807891520047664291e-01
-6.286211957003481343e-01
-6.382519390566531170e-01
-6.479491451068851715e-01
-6.069382236823002152e-01
-6.574989722267839953e-01
-5.943946072561591132e-01
-7.206730871080904155e-01
-7.132935898425658561e-01
-7.313380562822919817e-01
-7.385741459429395750e-01
-7.425206440430048849e-01
-7.449791139890563629e-01
-7.470161925105487377e-01
-7.473091156280797787e-01
-7.475590382258546773e-01
-7.475851306712553157e-01
-7.476154981918716746e-01
-7.476198587209839097e-01
-7.476213717591952967e-01
-7.476213717591954078e-01
