-3.067463834327868177e-01
-1.087554267741749070e-01
-1.579516857133419772e-01
-9.284197567470470203e-02
-1.327317709358955544e-01
4.592920523458561555e-02
-1.251008259466981631e-01
1.313577851761699167e-02
-6.593625898041391986e-01
-6.755037207386311859e-01
4.103247556100400595e-01
-6.773263532363743566e-01
-7.205236197039208701e-01
-7.357899878570220986e-01
-7.045304264985381426e-01
-7.335503950322208588e-01
-7.418516217180678440e-01
-7.464867676643096583e-01
-7.471370532412635601e-01
-7.474364462570426415e-01
-7.475959363024569093e-01
-7.476041442457613817e-01
-7.476094417980966300e-01
-7.476152344584692244e-01
-7.476202222126325792e-01
-7.476212655104411686e-01
-7.476212655104412796e-01
