2.152819859094624810e+00 1.782559479277112668e-02 5.388772083234801002e-02 1.216347280763957484e-02 6.287427804207905424e-02
2.151195036478047662e+00 -9.613666621347191077e-01 5.363848401021971413e-02 -9.651265316841663999e-01 6.195678374505146635e-02
2.310667933005762897e+00 -2.093253256450075206e+00 2.282666477040122821e-01 -3.890900750118946760e+00 9.291456878164969235e-02
2.078388847284501129e+00 -8.046606046199124007e-01 1.546579798201122014e-01 -2.501472876084831487e+00 5.841020386779595397e-02
2.583961970546641229e+00 1.373599024576757621e+01 2.658206867205499258e+00 -2.470683473455718726e+01 5.204678182671175490e-02
2.070211093928171486e+00 8.702261506202024766e-02 1.719607495257813035e-01 -2.993519845467477403e+00 -1.088316255667227950e-02
2.571725742605435183e+00 1.777654001852032817e+00 -6.331374303686307936e-01 -2.721867538554275434e+00 -2.507685683898674411e-01
2.193841609356264488e+00 6.366818281038220118e-01 -3.831932765393941676e-02 -2.755217692543979968e+00 -7.130632305857853570e-02
2.220005149771422381e+00 6.283986324432901949e-01 -3.229291343938271719e-02 -2.819148653356155165e+00 -5.537771746356671271e-02
2.222679355201217177e+00 6.406640180248428518e-01 -2.243793505812965300e-02 -2.820908676417218430e+00 -4.219448599648401022e-02
2.224236280778845387e+00 6.450090516277634523e-01 2.918188910557187321e-03 -2.820669925205883999e+00 -1.722017913265055239e-02
2.223689239465930445e+00 6.439840190160865951e-01 5.206100731948378607e-03 -2.819802757702109197e+00 -1.257366695263160625e-02
2.222926443571265231e+00 6.433163402165034128e-01 4.951942345279220989e-03 -2.819413233675179153e+00 -8.184999021743105674e-03
2.221843573898992119e+00 6.429788518024147637e-01 2.683421275807879210e-03 -2.819353193434631866e+00 -2.174364290919578169e-03
2.221409765732490271e+00 6.432411325209762554e-01 6.528169895060800115e-04 -2.819641109454094074e+00 1.811926544417669961e-04
2.221409765732490271e+00 6.432411325209762554e-01 6.528169895060800115e-04 -2.819641109454094074e+00 1.811926544417669961e-04
