2.199546795283007228e+00 4.441472253166068099e-03 7.023718877542260708e-02 5.195242649689649911e-02 6.419314248835610026e-02
2.253261130247759425e+00 -5.517785823732987982e-01 7.301831169831994595e-02 -9.433735858760741166e-01 8.371527297770546550e-02
0.000000000000000000e+00 -9.302187493001675023e+00 1.554365612819565423e-01 -1.927303079167157662e+01 -2.410147966548865206e+00
1.189655764190769016e+00 -2.966724185792718682e+00 1.008538493311370021e-01 -6.128793925204068849e+00 -4.259738061215878058e-01
1.415485358185433862e+00 -2.981456962924056597e+00 1.480358264110845368e-01 -6.205974044471031625e+00 -5.034771683820230548e-01
1.291756049513907101e+00 -3.013028436395153609e+00 6.392077436194765205e-01 -8.188501425771315567e+00 -3.683889622793700691e-01
0.000000000000000000e+00 -4.685178578765595070e+00 1.088286471066693828e+01 -4.941177323236404106e+01 1.714887832586705185e+00
1.489175415868552621e+00 -2.976968299839989562e+00 1.031467455142540901e+00 -9.159594677920038563e+00 -3.113027509047166519e-01
2.497249523913961156e+00 -1.997024074728706244e+00 1.862234211139618845e+00 -8.884790720098667549e+00 -2.933833751749369001e-01
2.076061794249068448e+00 -2.209305793668947526e+00 1.744779921612991114e+00 -9.291535924243790490e+00 -2.531572658015223687e-01
1.889859626337185405e+00 -2.362288045744254550e+00 1.497685182827953598e+00 -9.040714255549438860e+00 -2.824119805788803950e-01
1.841936722434222462e+00 -2.088477393514266645e+00 1.585239658324148371e+00 -9.107848691334474722e+00 -1.925920661641901122e-01
1.824522017420504572e+00 -2.125790074288338882e+00 1.527817954059686345e+00 -8.892483320691798809e+00 -1.906723040659848989e-01
1.832835540432879773e+00 -2.190521964460074855e+00 1.556812074569920323e+00 -8.988715481652498340e+00 -1.559671010356893650e-01
1.831335642899583283e+00 -2.175275932760294406e+00 1.589962829248256826e+00 -8.998416930223328336e+00 -1.015448367905762567e-01
1.817051965450427353e+00 -2.170180395499051951e+00 1.653017798781552417e+00 -8.994150391317619508e+00 7.030970792073414077e-02
1.811353034602622536e+00 -2.182999270624754296e+00 1.660466935022291146e+00 -8.984404807528020953e+00 1.198173215767095318e-01
1.811516681009964991e+00 -2.186042499819850438e+00 1.658062596457231974e+00 -8.982752980773756946e+00 1.214999779413468706e-01
1.812092252392776492e+00 -2.185561714975087888e+00 1.656706139087544383e+00 -8.982104275258217640e+00 1.215358542714574941e-01
1.812987273968878155e+00 -2.184211852330124159e+00 1.654694117828533706e+00 -8.981582496356494971e+00 1.217792859243418124e-01
1.812987273968878155e+00 -2.184211852330124159e+00 1.654694117828533706e+00 -8.981582496356494971e+00 1.217792859243418124e-01
