3.056514044517422590e+00
1.106490871273208665e+00
8.218323415149074718e-01
-4.950316049853946132e-01
-6.211230816393558118e-01
-1.250330948956053234e+00
1.859970846977067493e+00
-1.674425731945021090e+00
-8.583298488284377692e-01
-1.718641234740183599e+00
-1.946446741756431953e+00
-1.977379635254347345e+00
-1.987294475137722616e+00
-1.997235858793797725e+00
-2.000561960776679804e+00
-2.006074295227195492e+00
-2.006659033722872021e+00
-2.006675464805515841e+00
-2.006677594680471799e+00
-2.006679172413666556e+00
-2.006679172413666556e+00
