1.000000000000000000e+00
9.000000000000000000e+00
1.600000000000000000e+01
2.500000000000000000e+01
3.300000000000000000e+01
4.000000000000000000e+01
4.700000000000000000e+01
5.800000000000000000e+01
6.500000000000000000e+01
7.300000000000000000e+01
8.100000000000000000e+01
8.800000000000000000e+01
9.500000000000000000e+01
1.020000000000000000e+02
1.090000000000000000e+02
1.160000000000000000e+02
1.230000000000000000e+02
1.300000000000000000e+02
1.370000000000000000e+02
1.440000000000000000e+02
1.500000000000000000e+02
