3.924414615838395015e+00
1.807578190104856430e+00
1.671791259477521940e+00
1.312869201934132368e+00
3.270348179909244868e-01
1.518569247954718149e+00
-7.416852114855765343e-02
-1.146076354940896574e-01
-1.366153714996242163e-01
-1.506320812104852414e-01
-2.277664881952365383e-01
-1.090436770900459651e+00
7.082170159518684782e-01
3.192630967149595600e-01
-1.863381709505570694e+00
-1.991236520107471542e+00
-2.017205209124421028e+00
-2.018246194193741516e+00
-2.019742024524347368e+00
-2.019837565118823175e+00
-2.019857369399867153e+00
-2.019857369399867153e+00
