3.543507194554983641e+00 5.526577720338892580e-02 1.827690079978411264e-02 1.874080482997319066e-02 6.501355377501376320e-02
3.554466074741064574e+00 1.106673323008366294e+00 2.175957039168779916e-02 1.050643356480974067e+00 6.707858649557955910e-02
3.879835690381159274e+00 1.558547515187288957e+00 -7.519074340450318528e-02 2.579832647312938931e+00 1.753927682384551490e-01
4.140295383658788353e+00 1.171033172730292726e+00 -4.357596007834361185e-01 2.868813249746107186e+00 1.304138941368712667e-01
3.902718849993459305e+00 8.667854248529760497e-02 -1.747083357721320285e+00 2.881753791190611036e+00 -1.146674747187805543e-01
2.793104261524184118e+00 -1.350706069957903654e+00 -2.856116395121575557e+00 1.973221284214589977e+00 -4.225977753595996367e-01
3.408272513502825340e+00 1.165205022007766988e-01 -1.716112250075030321e+00 2.708879786554911906e+00 -4.648139048449681510e-02
3.469019033385505768e+00 8.135693930773915672e-02 -1.808535128976146877e+00 2.672295237116101507e+00 1.020633741589777876e-01
3.422922265024616717e+00 4.316846879337513793e-02 -1.977418340381324802e+00 2.714219102843938192e+00 3.099748525830647861e-01
3.377422910789692700e+00 1.297472507913299822e-01 -2.260491323240667150e+00 2.589770040433381215e+00 8.098567732724271107e-01
3.309246429582799021e+00 2.292681541024752523e-01 -2.499572165555755898e+00 2.676407887477067593e+00 9.533136081296648134e-01
1.750814490359370756e+00 3.256231028354483747e+00 -9.762915489773268618e+00 4.275653518991557434e+00 6.131708894743248983e+00
2.663166121078094584e+00 1.610507048404763442e+00 -5.701629869462704114e+00 3.277882319639903397e+00 2.753223797558475017e+00
3.108309213182570918e+00 -1.031216691039856137e+00 -1.324239061156229802e+00 1.925264943655691230e+00 2.440101256339000102e-01
1.820255368493291837e+00 2.425693959587985393e+00 -8.572233920806496599e+00 3.576302220452868497e+00 4.882577627941932619e+00
1.938116334179574629e+00 2.575193802922692399e+00 -8.404786304253173412e+00 3.675209216140133517e+00 4.832490731001895412e+00
1.942061154180642735e+00 2.703183256433343562e+00 -8.388326924375663296e+00 3.561438005345094027e+00 4.630668095131151851e+00
1.947185628356878251e+00 2.700117097240902542e+00 -8.397089620364324603e+00 3.562040218866657337e+00 4.595781995445516799e+00
1.959206631631079887e+00 2.695601076804574170e+00 -8.448524386467495262e+00 3.573446492705961930e+00 4.501175835272877457e+00
1.959062574971130788e+00 2.697491656673573601e+00 -8.464570169393041965e+00 3.577442469515927037e+00 4.494364954046418781e+00
1.958490112952837592e+00 2.698891841431633409e+00 -8.473244943677398666e+00 3.580111092862455546e+00 4.496210699088296181e+00
1.958490112952837592e+00 2.698891841431633409e+00 -8.473244943677398666e+00 3.580111092862455546e+00 4.496210699088296181e+00
