1.000000000000000000e+00
9.000000000000000000e+00
1.600000000000000000e+01
2.300000000000000000e+01
3.000000000000000000e+01
3.700000000000000000e+01
4.500000000000000000e+01
5.200000000000000000e+01
5.900000000000000000e+01
6.600000000000000000e+01
7.300000000000000000e+01
8.000000000000000000e+01
8.700000000000000000e+01
9.500000000000000000e+01
1.040000000000000000e+02
1.120000000000000000e+02
1.190000000000000000e+02
1.260000000000000000e+02
1.330000000000000000e+02
1.400000000000000000e+02
1.470000000000000000e+02
1.530000000000000000e+02
