2.428178224393612084e+00 5.797798420931477015e-02 3.611068699111075198e-02 4.444938822954619395e-02 1.570828893157167824e-02
2.544817182847744164e+00 5.327702548052448694e-02 4.935197803725333010e-02 1.796638890474760997e-02 4.957892634841128132e-02
3.178971498033969389e+00 1.497720308546647283e-01 1.265008763462523445e-01 1.166520351872597644e-01 2.237624942593953725e-01
1.000000000000000000e+01 1.454824886244387994e+00 8.697580798023438753e-01 1.638913305649650320e+00 2.251130143997598587e+00
9.999999999999994671e+00 2.039388261376510858e+00 9.063124510113250709e-01 1.649664031475142734e+00 2.216089344117015969e+00
9.999999999998037126e+00 1.039456914248559372e+01 1.519725155221539836e+00 1.758715159835376962e+00 4.295240938932396446e+00
1.000000000000000000e+01 3.505312062842957044e+00 1.102899535629315642e+00 2.056826236122916818e+00 2.965990519070269116e+00
9.999999999999948486e+00 3.240574306330232357e+00 1.367934222031652824e+00 2.575412442606140662e+00 3.376849705956402659e+00
9.999999999999985789e+00 3.458159507620973461e+00 1.387672773598707554e+00 2.484263052008067518e+00 3.407763495658845176e+00
9.999999999999994671e+00 3.429944380343545429e+00 1.449775185662124821e+00 2.412757743440725910e+00 3.376421083965241987e+00
9.999999999999976907e+00 3.420274607306207582e+00 1.661663205340573324e+00 2.350818366088138323e+00 3.419641691270419948e+00
9.999999999999982236e+00 3.437445005850363611e+00 2.098132058426360746e+00 2.303123078325016060e+00 3.557011800182770855e+00
9.999999999999992895e+00 3.428264749876142936e+00 2.150047510879774304e+00 2.327166596156798217e+00 3.574285983548397994e+00
1.000000000000000000e+01 3.435520758979699441e+00 2.175148586110947413e+00 2.342042374493319645e+00 3.575038958865787819e+00
9.999999999999984013e+00 3.440331040293835407e+00 2.183211762359193120e+00 2.350218245970165931e+00 3.563726159601662058e+00
9.999999999999994671e+00 3.442499113630276497e+00 2.190102933798903972e+00 2.349839735939947882e+00 3.553629193360986704e+00
1.000000000000000000e+01 3.441705367164868967e+00 2.191992460246749097e+00 2.347687658423658785e+00 3.549921817243695710e+00
1.000000000000000000e+01 3.441705367164868967e+00 2.191992460246749097e+00 2.347687658423658785e+00 3.549921817243695710e+00
