1.693727475641296110e+00
3.097749773860976608e-01
6.735310635405236113e-01
3.336841085746551361e-01
-1.753770238120636038e-01
-1.763038103995325789e-01
-1.763749602476596956e-01
-1.763760279606399473e-01
-1.763773897847289440e-01
-1.763785235584162114e-01
-1.763832151659637248e-01
-1.763980121721427374e-01
-1.764848255887890571e-01
-1.764396600985006780e-01
-1.765103510650808394e-01
-1.765191631495855451e-01
-1.765363220148259971e-01
-1.765578297237885286e-01
-1.765831657170977842e-01
-1.766369654445822390e-01
-1.766693597529101212e-01
-1.767068946823132092e-01
-1.767163048452906060e-01
-1.767335380281809531e-01
-1.767371501174632709e-01
-1.767386626067229405e-01
-1.767386626067229960e-01
