2.008695175932976085e+00
1.889185577603224919e+00
7.023774530351303280e-01
-1.978704645728274480e-01
-2.848308867736651373e-01
-4.008402007819371060e-01
-4.746923202578248735e-01
-5.137485775946246669e-01
-5.531111230393043199e-01
-4.967925765635152757e-01
-5.759539593651848977e-01
-5.861766343013347091e-01
-6.474817173776852286e-01
-6.524795683594961648e-01
-6.894708065525321228e-01
-7.123191049550327003e-01
-7.180534530144535577e-01
-7.255955764165632482e-01
-7.304091999284743064e-01
-7.356035262429319044e-01
-7.373993476317763918e-01
-7.394588929618227668e-01
-7.403562731781255790e-01
-7.409712070977148013e-01
-7.413316215580513235e-01
-7.415266098004530404e-01
-7.415615102433857908e-01
-7.415724213400266551e-01
-7.415859184098640977e-01
-7.415979662854162990e-01
-7.416055634158787990e-01
-7.416091027602255137e-01
-7.416119229642760269e-01
-7.416151180281358446e-01
-7.416180632727038535e-01
-7.416198554152682032e-01
-7.416204981524742168e-01
