1.957394581318119053e+00
1.363427371296492385e+00
-1.099972099154115507e-01
-1.988307615990450861e-01
-2.847245498905155991e-01
-3.157175932991628242e-01
-5.348098654212825043e-01
-6.039795903735281080e-01
-5.986525016178493308e-01
-7.225670721670056640e-01
-8.446012748958809935e-01
-8.710249682353425893e-01
-8.712457500699373192e-01
-9.181073604705486391e-01
-1.009770364460814474e+00
-1.051407023354195225e+00
-1.097810580191740604e+00
-8.655153181739609902e-01
-1.196067630809186211e+00
-1.249962592316079535e+00
-1.270276678666649284e+00
-1.302809785833168643e+00
-1.324556280217481508e+00
-1.333331454384322434e+00
-1.344982034272572236e+00
-1.355233589823696683e+00
-1.365775191944392120e+00
-1.383293093399679208e+00
-1.400148583233398414e+00
-1.414277418339295656e+00
-1.411918638255049929e+00
-1.430563008463018981e+00
-1.434692211673044726e+00
-1.437401098822097545e+00
-1.439754388356105030e+00
-1.442756384459376040e+00
-1.444251379643264999e+00
-1.445188170860602472e+00
-1.445595349160341492e+00
-1.446062211711594214e+00
-1.446503731846533691e+00
-1.446984162930477602e+00
-1.447406574770340404e+00
-1.447804822016971249e+00
-1.448136765326427877e+00
-1.448338057363387277e+00
-1.448439636846384992e+00
-1.448514620704103306e+00
-1.448613812771588405e+00
-1.448758011094429587e+00
-1.448961268914561673e+00
-1.449302013440624703e+00
-1.444940074124369422e+00
-1.407406076189077648e+00
-1.445500101182056740e+00
-1.450121541679255222e+00
-1.451065699048132318e+00
-1.451888683940967484e+00
-1.453026334308481049e+00
-1.456583350849024461e+00
-1.461145336942683892e+00
-1.465548624936336086e+00
-1.469935460633655655e+00
-1.474743572993097107e+00
-1.478740248324417195e+00
-1.484778747086267225e+00
-1.495059179859876020e+00
-1.498544713514310622e+00
-1.505904783190912477e+00
-1.508215421053678007e+00
-1.511600590730409532e+00
-1.513486217050302729e+00
-1.514329245135746849e+00
-1.514825837023351829e+00
-1.515383296754907017e+00
-1.516212239767774639e+00
-1.517005771109215084e+00
-1.518012153463608183e+00
-1.520322094574176885e+00
-1.522437991581756078e+00
-1.524763601230461507e+00
-1.527007325135955496e+00
-1.530018501685360688e+00
-1.531064296819168336e+00
-1.522252223167934959e+00
-1.534714885521476724e+00
-1.536573991117200499e+00
-1.538427931765404821e+00
-1.539533008878698261e+00
-1.540588613165469800e+00
-1.541479069524253287e+00
-1.542578122598422752e+00
-1.543037813489007481e+00
-1.544398001167232914e+00
-1.545557764151191504e+00
-1.546595452247273794e+00
-1.547493450335857279e+00
-1.547968974898946026e+00
-1.548146219958892456e+00
-1.548418289067378995e+00
-1.548418289067378772e+00
