-3.836407079389750341e-02
5.118148028572996888e-02
-1.369114242825176520e-01
9.533305548388847084e-02
-3.802367050791325420e-01
-4.123431487133913942e-01
-8.607061385004307619e-01
-6.866375997900567851e-01
-9.224723799975261818e-01
-1.128904817879724520e+00
-1.186715406917378868e+00
-1.217187084221527993e+00
-1.215177087365399089e+00
-1.290496825876996434e+00
-1.339660758121493211e+00
-1.382807279288281066e+00
-1.388917596576073166e+00
-1.436610800783480357e+00
-1.439350506190850920e+00
-1.479971793709892181e+00
-1.491992228919357899e+00
-1.528309093435023192e+00
-1.523170202049481725e+00
-1.570417774989734339e+00
-1.596329202277583237e+00
-1.617549547931991460e+00
-1.642498203307733773e+00
-1.655315171588018108e+00
-1.677174215325819784e+00
-1.682811931172268016e+00
-1.705542030085403837e+00
-1.711278288468168762e+00
-1.731134507624928931e+00
-1.735153023085614254e+00
-1.742173727534260141e+00
-1.746191671296969172e+00
-1.758546720154881671e+00
-1.763170606776681471e+00
-1.774264670275768507e+00
-1.781159901980242211e+00
-1.789819137991423448e+00
-1.798403981403662089e+00
-1.803803975644950208e+00
-1.808358056816510295e+00
-1.811755348152551681e+00
-1.814436373906578748e+00
-1.816931892737374543e+00
-1.818563933541667677e+00
-1.821563108210942250e+00
-1.824452251363434030e+00
-1.826902361689572540e+00
-1.828555992071117187e+00
-1.829604529217677023e+00
-1.830401908360572705e+00
-1.831367983983749115e+00
-1.831925689244270128e+00
-1.832362058853384656e+00
-1.832864319117864182e+00
-1.833648334107018663e+00
-1.834111796266434169e+00
-1.834670464206688001e+00
-1.835328019549284040e+00
-1.835974439914772383e+00
-1.836714079211486439e+00
-1.837482026693440185e+00
-1.838173587508417750e+00
-1.838897265173375040e+00
-1.839428415592420318e+00
-1.840044162880633216e+00
-1.840586120774141854e+00
-1.840833822028573152e+00
-1.841125982267930894e+00
-1.841352513737714469e+00
-1.841583592734262309e+00
-1.841738610706511903e+00
-1.841866403077526915e+00
-1.841961310973889709e+00
-1.842056781319046044e+00
-1.842138637305028137e+00
-1.842203601516268385e+00
-1.842253859232438451e+00
-1.842291290422461536e+00
-1.842319397545203685e+00
-1.842342442027954608e+00
-1.842364169920330585e+00
-1.842390318455374931e+00
-1.842417629057425454e+00
-1.842444517558421646e+00
-1.842475939755287229e+00
-1.842521350619700904e+00
-1.842592508797421536e+00
-1.842699444403459230e+00
-1.842843783201675967e+00
-1.842996689307066172e+00
-1.843036276517209249e+00
-1.843267472130962314e+00
-1.843444153450215506e+00
-1.843755142093298272e+00
-1.844219556514915093e+00
-1.844563585756983093e+00
-1.844563585756982871e+00
