1.926160814937820653e+00
5.442104610463508463e-01
-1.003640745793447364e-01
1.975292755624131341e-02
-3.117184185446625344e-01
-4.558758001793092873e-01
-6.103936477226854507e-01
-6.682506608536114001e-01
-7.156088415502024347e-01
-7.501297084287230632e-01
-8.098481379628549304e-01
-8.332724609743358268e-01
-8.440195446325262640e-01
-8.618164189927198793e-01
-8.752925354960251481e-01
-8.902228951090832565e-01
-9.021412586883282847e-01
-9.143495255682512202e-01
-9.141713823235545489e-01
-9.682317061246379364e-01
-9.948493704822960471e-01
-1.025315610793637866e+00
-1.034004501140880272e+00
-1.079684896556848628e+00
-1.089948191443576464e+00
-1.108929892989911625e+00
-1.122142406065962383e+00
-1.134670983346480089e+00
-1.147652622969097314e+00
-1.160620479158849028e+00
-1.172465922554241757e+00
-1.179348030213192899e+00
-1.194342724237345887e+00
-1.203094610479791715e+00
-1.211560208862252797e+00
-1.217193659138531725e+00
-1.220470809179306171e+00
-1.222878478979566808e+00
-1.225505219846987570e+00
-1.227398108939068866e+00
-1.229074421793275196e+00
-1.230685541694104046e+00
-1.232859521064001429e+00
-1.235028833013043004e+00
-1.236974983985204224e+00
-1.238371714811292712e+00
-1.239924353342401586e+00
-1.240972217524569876e+00
-1.242883611605072991e+00
-1.243898210941451143e+00
-1.244641746984475272e+00
-1.245535132512620269e+00
-1.245984761241232475e+00
-1.246745059032959624e+00
-1.247648063312182254e+00
-1.248012193600414266e+00
-1.248707732252660074e+00
-1.249677055803051440e+00
-1.251196015947763751e+00
-1.252573928318682972e+00
-1.251378027506489854e+00
-1.254817151626847149e+00
-1.256325317117982454e+00
-1.256984450935079600e+00
-1.258538991398009177e+00
-1.257605721893637840e+00
-1.261611790713714321e+00
-1.263297679954883845e+00
-1.263780693759316121e+00
-1.265962053989155178e+00
-1.267036801618244723e+00
-1.268720333373940745e+00
-1.269349225431790851e+00
-1.269897472525450599e+00
-1.270121974072026205e+00
-1.270262817245477738e+00
-1.270399956481263581e+00
-1.270662950000587488e+00
-1.271246028904302605e+00
-1.272096803104556528e+00
-1.273058049086859045e+00
-1.274349634467355941e+00
-1.275134218732964841e+00
-1.275474597865403847e+00
-1.276076296821850864e+00
-1.276283145209416325e+00
-1.276597253452908864e+00
-1.276729710538890838e+00
-1.276856830124525777e+00
-1.277081442430298308e+00
-1.277194087001510159e+00
-1.277258767094481939e+00
-1.277273085054951185e+00
-1.277277327805275142e+00
-1.277279317378021251e+00
-1.277281852930435502e+00
-1.277284222555493676e+00
-1.277286617636925969e+00
-1.277288035620074647e+00
-1.277289142776398823e+00
-1.277289142776399045e+00
