3.557499710196257992e-01
-4.614739390121987139e-02
-1.182932769584635335e-01
-2.203549333527460852e-01
-2.996219648401913238e-01
-3.979354670915133951e-01
-5.115102070327669503e-01
-7.427075936443210402e-01
-8.041160527031361305e-01
-8.970508656151447990e-01
-9.352087315580145388e-01
-9.562749010204426581e-01
-9.884819081324938139e-01
-1.015709171659021637e+00
-1.051462226945182321e+00
-1.095959057475558440e+00
-1.127649123955103638e+00
-1.163331409736636513e+00
-1.187263431386026635e+00
-1.207268728481797559e+00
-1.221483436545798051e+00
-1.232748318006358756e+00
-1.239251457367450460e+00
-1.242213135676955682e+00
-1.246354001782294274e+00
-1.252276843153948160e+00
-1.254465571136188062e+00
-1.256027228794550199e+00
-1.256575512429374264e+00
-1.256866635842986302e+00
-1.257011589738493695e+00
-1.257159877884623800e+00
-1.257313483555443590e+00
-1.257513271200060956e+00
-1.257786638325107731e+00
-1.258112276218598558e+00
-1.258357568589731468e+00
-1.258485367241995112e+00
-1.258513393045395112e+00
-1.258526675459789690e+00
-1.258537909209183958e+00
-1.258545794110143445e+00
-1.258550874501061401e+00
-1.258553074150581264e+00
-1.258553911278724513e+00
