2.340939957614922295e-02
-8.661153180517411343e-02
-1.167945000081992563e-01
-2.291987805435547476e-01
-3.341122038108067516e-01
-4.260285798241299493e-01
-4.620711438221596357e-01
-5.152202738611776356e-01
-5.492560756738142924e-01
-5.813251756274800952e-01
-6.237651127292422881e-01
-6.303280255950699518e-01
-6.460572462637537150e-01
-6.535791187474271347e-01
-4.249577106933816184e-01
-6.323637431610285020e-01
-6.792646288609502925e-01
-6.925564511503831122e-01
-7.069052104201123399e-01
-7.445675127658872849e-01
-7.760987028995574022e-01
-7.969948242531987859e-01
-7.969163523637208257e-01
-8.201369125283839434e-01
-8.264069185926561367e-01
-8.334538851840556095e-01
-8.396859924462709568e-01
-8.437954317091777012e-01
-8.478658838999076908e-01
-8.547162533206801305e-01
-8.617023114331127109e-01
-8.717888930832011773e-01
-8.662101234204201416e-01
-8.469813539207829978e-01
-8.947864937778209349e-01
-9.068342332606416090e-01
-9.273307505509760240e-01
-9.445254680291483851e-01
-9.769974706190406311e-01
-1.022274167344837226e+00
-1.038931862074974344e+00
-1.054997287446865606e+00
-1.073220994335215561e+00
-1.099301616045453400e+00
-1.118555333092639215e+00
-1.133767412085392889e+00
-1.163021303071114732e+00
-1.176712251907632956e+00
-1.192235004295675749e+00
-1.197535375295862181e+00
-1.201438508321368781e+00
-1.203709175143334198e+00
-1.205709474397543834e+00
-1.207343948083714702e+00
-1.207879077090770581e+00
-1.208545233642426719e+00
-1.209305316083191251e+00
-1.210223283331108179e+00
-1.210915549855446693e+00
-1.211564834732912210e+00
-1.212102868353761798e+00
-1.212662472597546115e+00
-1.213096950298245602e+00
-1.213399808157645809e+00
-1.213618288586758576e+00
-1.213823170745425450e+00
-1.214018030033852558e+00
-1.214253960797866849e+00
-1.214498861259380780e+00
-1.214793127491997637e+00
-1.215102287688811789e+00
-1.215474964274064096e+00
-1.215908111107259160e+00
-1.217018632455731941e+00
-1.219735231217993654e+00
-1.214827438942177151e+00
-1.225369401313788353e+00
-1.224065103338242810e+00
-1.236531742143890833e+00
-1.236451718325451754e+00
-1.242256549795244469e+00
-1.245866598219372179e+00
-1.250670109006400299e+00
-1.255269263745567354e+00
-1.258494579056480989e+00
-1.264042410541494244e+00
-1.270196063240345730e+00
-1.277248187825528625e+00
-1.283429031991711655e+00
-1.289977761001354528e+00
-1.294725035727031015e+00
-1.297709828075711336e+00
-1.298514101029971446e+00
-1.301157430843442153e+00
-1.304327722403754830e+00
-1.305676728624584282e+00
-1.306978667355598311e+00
-1.307729908369003269e+00
-1.308416622954459596e+00
-1.308870217121039126e+00
-1.308870217121039126e+00
