1.961991712832105161e+00
1.777529397039014913e+00
1.436390611588695965e+00
2.914908322185054135e-01
5.579764278461227245e-02
-1.592259208610406485e-01
1.736088335676998773e-01
6.063867108557274843e-02
-6.384943677438992271e-02
3.815361935621414818e-02
9.900688482252967271e-02
5.059177829934251996e-02
7.131003921675765911e-02
5.154654592657394174e-02
3.049054042813604815e-01
4.216145386056724398e-02
-1.333643379963800890e-01
-5.488818579567470574e-02
-4.902258880253534956e-02
2.972061129353799069e-01
3.261666563993929902e-02
-2.328482109016611623e-01
-3.736585237298919449e-01
-1.345674338180458951e-01
-4.555758558601605973e-02
-1.277305897577631077e-01
-6.376069466535850827e-01
-1.080398157703070655e-01
-5.834656826988438016e-01
3.841038278477977852e-01
-1.856720985831934456e-01
-7.319695264591383754e-01
-1.212714742132158685e+00
-8.221033225763344499e-01
-1.020582224859770681e+00
-1.511232257153575009e+00
-1.559380922666654623e+00
-1.524601733032663553e+00
-1.512659673069896460e+00
-1.640245629883773093e+00
-1.661718146328540646e+00
-1.638495211753074887e+00
-1.712082666914663820e+00
-1.738580403081460224e+00
-1.764037008399459872e+00
-1.773454737354988708e+00
-1.671377113960822891e+00
-1.747811544159252328e+00
-1.791652962116086156e+00
-1.792982965607409218e+00
-1.820646218073385114e+00
-1.830122742670116764e+00
-1.822881301491367179e+00
-1.825709566362747838e+00
-1.839671652465341811e+00
-1.854647917931650625e+00
-1.861277077666841917e+00
-1.853782706687313597e+00
-1.863537506981280512e+00
-1.866079464510789876e+00
-1.875197556573822810e+00
-1.880160692787933518e+00
-1.880145434540892113e+00
-1.886062985246320878e+00
-1.892039749182236719e+00
-1.895041787151879653e+00
-1.897111787287877105e+00
-1.900262240742659703e+00
-1.902957884337025174e+00
-1.906146860502721196e+00
-1.907916146941717184e+00
-1.909689393586286865e+00
-1.910915177865217363e+00
-1.912241481548340616e+00
-1.912973935227801903e+00
-1.913999467603723970e+00
-1.914587087818571565e+00
-1.915158318731105647e+00
-1.915649665008604119e+00
-1.916002641122835026e+00
-1.916372510658269412e+00
-1.916687844652728234e+00
-1.917018102614547193e+00
-1.917347217935770010e+00
-1.917593671083551943e+00
-1.917854307155022919e+00
-1.918200596282107373e+00
-1.918528277340218358e+00
-1.918898190413663940e+00
-1.919278886004384344e+00
-1.919574715198284709e+00
-1.919812429460311165e+00
-1.920082422358856622e+00
-1.920315923801683589e+00
-1.920489026634903729e+00
-1.920654215508960982e+00
-1.920829350958823456e+00
-1.921009666186684672e+00
-1.921207433332051906e+00
-1.921479492269861700e+00
-1.921479492269861922e+00
