1.987817234490977469e+00
1.801886380866899451e+00
-6.545905356413797005e-01
1.238461385903495693e-01
-4.646242193760011241e-01
-3.903080644303869029e-01
-4.407783436675149491e-01
-6.267494365080706897e-01
-2.350557362594400401e-01
-1.090620247252781283e+00
-1.296157734629009184e+00
-1.100672918300963810e+00
-1.157210880623101845e+00
-9.514772926972756562e-01
-1.470564988583011434e+00
-1.490589554379546211e+00
-1.532813915046933984e+00
-1.541567391703815071e+00
-1.549181740166322374e+00
-1.569646214597466116e+00
-1.581027216584566020e+00
-1.587133107264836474e+00
-1.593622328980001557e+00
-1.595957373543766433e+00
-1.598029873421030977e+00
-1.599225274700594168e+00
-1.599853083514388041e+00
-1.600183306745326828e+00
-1.600471951625498601e+00
-1.600593439827946662e+00
-1.600640261579469037e+00
-1.600684047883186523e+00
-1.600720258358546255e+00
-1.600749263818370682e+00
-1.600776363321796403e+00
-1.600798097191060032e+00
-1.600810126443362957e+00
-1.600814247934713164e+00
-1.600815442091452434e+00
-1.600815442091452212e+00
