2.007140646588177813e+00
1.938045925532136060e+00
1.182134288502085351e+00
-8.836528916682462320e-03
-4.277313472100210262e-02
-8.660491002939472993e-02
-9.490234628948546192e-02
6.864172931141675205e-02
-2.228133064703725630e-01
-2.299985691531403198e-01
-2.735258188524536949e-01
-3.773208190251872152e-01
-5.893758118307792365e-02
-3.555910750605072446e-01
-5.788862425399359246e-01
-7.081465387831722413e-01
-5.780061527117534848e-01
-2.739200319572538400e-01
-1.002628388213998134e+00
-9.892945202541595373e-01
-1.067608675888334968e+00
-1.101510776097500033e+00
-9.342437985243636778e-01
-3.139164960994036413e-01
-1.167999137762898876e+00
-1.269193643689543460e+00
-1.146222584925961074e+00
-1.219502081797013249e+00
-1.316319891920494811e+00
-1.387984030675267322e+00
-1.401840251796893533e+00
-1.404245671610031998e+00
-1.411845649277848391e+00
-1.437590386141547327e+00
-1.452411851286634192e+00
-1.460688094209475540e+00
-1.468446688751817275e+00
-1.487521263118457782e+00
-1.500224275027182141e+00
-1.513172651816813818e+00
-1.532950709750628526e+00
-1.558157190412120752e+00
-1.593753263901299899e+00
-1.548002643212245566e+00
-1.611532224816454972e+00
-1.622924968208210306e+00
-1.626528053482619862e+00
-1.642803147496849414e+00
-1.648112127625476653e+00
-1.654249930394508628e+00
-1.659103348177631831e+00
-1.664913037085086867e+00
-1.670495706910362532e+00
-1.673982325537986204e+00
-1.682458814515868539e+00
-1.685966354641781129e+00
-1.689118650417356982e+00
-1.694554644829668444e+00
-1.700504295463929338e+00
-1.708088517492960090e+00
-1.714139693110774409e+00
-1.722073423556099714e+00
-1.727769038361849141e+00
-1.731828720408265188e+00
-1.734683771678611430e+00
-1.738279148279590292e+00
-1.742261353966726434e+00
-1.745154791923648974e+00
-1.747398013119100257e+00
-1.749261853754189522e+00
-1.751482798021656073e+00
-1.755141101970484119e+00
-1.758050835646436827e+00
-1.759211245762289710e+00
-1.760343556947308707e+00
-1.760916650507589054e+00
-1.761306393773574452e+00
-1.762024417558594402e+00
-1.762765758562240270e+00
-1.763438834457240922e+00
-1.764074875590878611e+00
-1.764535296355384641e+00
-1.764906201786475837e+00
-1.765115577230258248e+00
-1.765314190089320334e+00
-1.765461554666352129e+00
-1.765568070117977229e+00
-1.765673463594929604e+00
-1.765824946597203127e+00
-1.766054621580708694e+00
-1.766369735148381581e+00
-1.766716931814007019e+00
-1.767091707890846575e+00
-1.767338817383432570e+00
-1.767473600445137905e+00
-1.767556395483336873e+00
-1.767617437183556905e+00
-1.767666507229288753e+00
-1.767703921995587901e+00
-1.767729562088742545e+00
-1.767729562088742545e+00
