7.813225062005143329e+00 7.790585646380927543e+00 7.520718597685845941e-01 1.255692104538237430e-01 7.284412294035932378e-01 7.131402097255268302e-01 3.662776029873391348e-01 3.008313503790841503e-01 9.631646785036609426e-01 5.183093303821527664e-01 2.394791033283154569e-01 7.900568486378757305e-01 5.777720791830680547e-01 7.529808489068128274e-01 7.277628224969218129e-02 4.250819274743422582e-02 8.230127968091553725e-02 1.756414520998888021e-02 3.387512632849926097e-02 2.998703931986841653e-02 6.071040511883863192e-03 5.422657875473868572e-02
7.801996713212314916e+00 7.801996713212314916e+00 7.533539854800256341e-01 1.292150477608000614e-01 7.289968340998670415e-01 7.113179765254535880e-01 3.597806669044991690e-01 2.977136400271401806e-01 9.636590990320728078e-01 5.183093303821527664e-01 2.394791033283154569e-01 7.900568486378757305e-01 5.777720493807456670e-01 7.529808191044904397e-01 1.416425351488621032e-01 4.259175845940932348e-02 1.746264604498822259e-01 1.778468239565782552e-02 7.323013612273449047e-02 2.986034964739832376e-02 7.208773971356519442e-03 5.438998488839041912e-02
7.755744617662212903e+00 7.847898496253448819e+00 7.808761077957057095e-01 2.066153065017338197e-01 7.365155545551944627e-01 6.695710981904978709e-01 2.442486711626819795e-01 2.476786729843924451e-01 9.718755159412343358e-01 5.183094043816739438e-01 2.394791773278366898e-01 7.900568486378757305e-01 5.777721106706403820e-01 7.529808063948638663e-01 8.318901576467461201e-01 4.250270705898803736e-02 1.177588393689666502e+00 2.234453073880697180e-02 5.063545591301211735e-01 2.721367379913754506e-02 2.756884208587723206e-02 5.746249834273669393e-02
7.011691957616159598e+00 8.008426807821191318e+00 7.320942591309173020e-01 1.000000000000000000e+00 1.954182605385357263e-01 0.000000000000000000e+00 0.000000000000000000e+00 0.000000000000000000e+00 4.444259594624913046e-01 5.183101876396949415e-01 2.394799605858576319e-01 7.900568973682253748e-01 5.777727208785943258e-01 7.529806820751464569e-01 9.621196843001765586e+00 2.576002232185526930e-01 1.390008351647630924e+01 2.296004772290833607e-01 6.348417438895758380e+00 -2.782368132768647112e-03 1.151839282126242647e+00 2.122080904258415168e-02
6.559280857760554362e+00 7.915267792531357038e+00 3.330669073875469621e-15 5.273559366969493567e-15 1.021405182655144017e-14 1.197087166954058923e-01 9.999999999999874545e-01 9.999999999999973355e-01 1.000000000000000000e+00 5.183100952946035900e-01 2.394798682407663915e-01 7.900568994587218175e-01 5.777727230363498556e-01 7.529807786684896698e-01 8.610627327540615994e+00 1.869823864340737218e-01 1.325468198508320938e+01 4.422148981818005975e-01 5.506303165997193716e+00 -1.214603737610880918e-01 1.896431603901883367e+00 -2.793309203423353926e-02
7.496084543108218590e+00 7.829429847734065362e+00 8.149494918408694000e-01 3.187025012672394797e-01 6.335651698815946142e-01 7.945893310881436689e-01 6.150533513316311929e-01 3.994618998042930302e-01 8.663646390471896330e-01 5.183096826358206677e-01 2.394794590841330395e-01 7.900568714141108506e-01 5.777723427623212560e-01 7.529807830086330256e-01 4.113571459748912140e+00 1.293748815230715832e-01 6.034136593199579401e+00 1.186456354171856464e-01 2.752654510048351710e+00 -1.705084457645383855e-02 4.931206107525458737e-01 3.627374959126008352e-02
7.507435380973009664e+00 7.837506166913665417e+00 6.945138552115769359e-01 2.127551725336654653e-01 5.335517628920420918e-01 5.084734161404772523e-01 4.920198225699170536e-01 1.590988633953001330e-01 1.000000000000000000e+00 5.183096460750584722e-01 2.394794228784906664e-01 7.900568677873018864e-01 5.777723071212942374e-01 7.529807803015594603e-01 3.631079758935471524e+00 1.517468679774589546e-01 5.378434248823345420e+00 1.034123275912370299e-01 2.483809286016054774e+00 -4.159422566351458211e-02 3.135554411705038236e-01 8.900225749967846656e-02
7.510594173319001143e+00 7.690748927330928630e+00 4.716183371959647985e-01 0.000000000000000000e+00 5.081390024864920196e-01 6.433252000920167690e-01 1.708897247680152276e-01 1.118130483543450931e-01 1.000000000000000000e+00 5.183096090548330315e-01 2.394793887532022936e-01 7.900568615527803207e-01 5.777722683196283571e-01 7.529807678649526048e-01 3.074336709244402943e+00 1.314451041359928352e-01 4.815369951314943719e+00 1.175712190199875995e-01 2.259466676836776600e+00 -4.688763423468548380e-02 2.056234210783387528e-01 9.330031894496022826e-02
7.413834753331595806e+00 7.547589456052573809e+00 3.226316061697609427e-02 1.593960443174035069e-01 7.076038511949962473e-01 7.126490406279080148e-01 8.881784197001252323e-16 0.000000000000000000e+00 9.999999999999997780e-01 5.183096015028951786e-01 2.394793832201539130e-01 7.900568537537231428e-01 5.777722567360090711e-01 7.529807462224762382e-01 2.877345772626533460e+00 8.229386763899394774e-02 4.890202805616813642e+00 1.935499737559211453e-01 2.260275148661112343e+00 -5.555946299335347283e-02 4.378621229244493152e-01 4.318517275373247311e-02
7.517448727354920202e+00 7.617083729119210389e+00 4.188453834957902022e-01 5.327105394598075083e-01 5.049080764695460521e-01 4.763999705818572350e-01 7.955474856722535848e-02 4.491832165881883832e-01 9.999999999999998890e-01 5.183096328458827173e-01 2.394794114231512394e-01 7.900568575013987571e-01 5.777722545751986516e-01 7.529807204448742963e-01 3.100333008522843770e+00 6.010458052882648727e-02 5.278486447278772253e+00 1.504053634415471463e-01 2.470428750051819833e+00 -5.781751725024847355e-04 5.406993735645311272e-01 -1.446975430460900602e-02
7.831960921995582581e+00 7.941150354259909783e+00 6.701911631912543799e-01 1.418172522493840737e-01 5.927098021196877120e-01 5.333554576983465800e-01 2.220446049250313081e-16 1.801518181246755945e-01 9.999999999999995559e-01 5.183096181947179915e-01 2.394793959406577022e-01 7.900568583510532150e-01 5.777722377949162658e-01 7.529807084338596690e-01 2.998407894727833423e+00 4.834225424062285614e-02 5.167365458400108302e+00 1.457740610715262675e-01 2.482138880059633568e+00 -2.622693702141659644e-02 5.291838703908720021e-01 -7.520344981747886792e-02
7.778475171286959089e+00 7.957766335474119046e+00 4.425304384699332849e-01 3.197152248478369874e-01 5.462486757849970287e-01 7.428168214215343790e-01 2.223866134734697464e-01 5.777346740969040162e-02 9.999999999999998890e-01 5.183096234827584414e-01 2.394794000780740006e-01 7.900568612227071297e-01 5.777722409968033546e-01 7.529807247299140638e-01 2.930852494826330368e+00 9.487005112954126351e-02 5.089894402933571094e+00 1.283822011254778794e-01 2.548559113033146417e+00 -6.819205498203113891e-02 5.725576923536677132e-01 -8.868900846651117664e-02
8.066610844570094585e+00 8.239616311848815045e+00 2.855607628167183831e-01 3.898876805858825234e-01 4.198979558050401351e-01 7.918437508241084055e-01 1.751997966571323673e-01 1.830548374171848403e-01 9.999999999999993339e-01 5.183096169725363023e-01 2.394793935014838671e-01 7.900568613866383316e-01 5.777722362866495320e-01 7.529807259313127110e-01 2.881270598435024421e+00 1.141507562686747274e-01 4.998234246059974240e+00 1.316158667550646755e-01 2.679320509083065627e+00 -1.779058890607890242e-01 6.375812087424443941e-01 -1.807544183886834466e-01
8.575682264338778893e+00 8.642729446759750189e+00 2.220446049250313081e-16 5.892709240842639584e-01 1.830003084553756265e-01 9.999999999999997780e-01 2.008416800271697333e-01 2.733171994541855887e-01 1.000000000000000000e+00 5.183095885907853528e-01 2.394793638334374031e-01 7.900568628138070482e-01 5.777721959219580539e-01 7.529807180982467374e-01 2.641201569503747848e+00 1.585531321404208827e-01 4.692616581788602304e+00 1.234080346044241910e-01 2.834121226003341931e+00 -3.638518117950757524e-01 7.519321959729243776e-01 -3.502108004143599240e-01
7.876724246323472123e+00 8.039206105615726017e+00 4.155199524347957252e-01 2.673894823469805115e-01 5.185782886217455978e-01 6.352191722201975255e-01 2.507507443698053784e-01 2.161573733101115335e-01 1.000000000000000000e+00 5.183096183025440729e-01 2.394793955941644514e-01 7.900568628016929607e-01 5.777722462585466179e-01 7.529807429849740830e-01 3.048416714325111521e+00 1.256175860725755877e-01 5.027334987377437336e+00 1.357849151410100708e-01 2.632761489534111377e+00 -1.870246102662960208e-01 5.704694628926891831e-01 -1.202897127138620181e-01
7.925327062311895432e+00 8.036885357239091476e+00 3.981012162871846449e-01 2.747212992637493301e-01 4.857393851049064404e-01 6.469462629189492997e-01 1.875937177375402443e-01 2.083929831529688081e-01 9.999999999999996669e-01 5.183095981055373391e-01 2.394793759547038658e-01 7.900568468058001281e-01 5.777722349359403209e-01 7.529807276529519866e-01 2.928311990159738976e+00 9.631442226438918786e-02 4.881723258428733558e+00 1.663169821406600135e-01 2.520503179747229261e+00 -2.777166909495935587e-01 5.324949755849637256e-01 -9.878367894559229867e-02
7.988051057646599062e+00 7.988051057646599062e+00 2.670937248365385930e-01 2.838520521140290853e-01 5.855466226500952720e-01 5.995402792382489299e-01 2.065516971090282927e-01 2.560481843959391823e-01 9.999999999999998890e-01 5.183095669178836573e-01 2.394793364830815618e-01 7.900568280845762237e-01 5.777722179715222284e-01 7.529807049229123583e-01 2.793812220059519014e+00 5.584099289874890071e-02 4.718250516259764993e+00 2.230260575440504989e-01 2.448092901712818570e+00 -4.376930489485995057e-01 4.979682236229009962e-01 -6.563181536807799477e-02
7.952826639325534686e+00 7.952826639325535574e+00 3.534470704506699756e-01 2.873372012172163426e-01 5.015249432375119554e-01 6.157526092168584819e-01 2.158811144939516424e-01 2.118267169223881363e-01 9.655665839594481659e-01 5.183095779232734790e-01 2.394793346912090226e-01 7.900568258097709906e-01 5.777722233411127783e-01 7.529807012853427794e-01 2.883626664909033632e+00 4.962989084780786153e-02 4.790581726143980035e+00 2.321326023953662332e-01 2.434873874904412538e+00 -4.311979457097859236e-01 4.832284755784859165e-01 -8.282826099056402047e-02
7.858635549409505927e+00 7.858635549409505927e+00 4.256871149338300464e-01 2.636594068578339001e-01 5.209042242077738250e-01 6.692246640429272420e-01 1.798132387771945173e-01 2.421510502894134442e-01 1.000000000000000000e+00 5.183095825536857548e-01 2.394793280501957833e-01 7.900568279174369213e-01 5.777722202038000354e-01 7.529806999792962863e-01 2.918741426434572350e+00 5.823781588263355485e-02 4.842919372693890168e+00 2.210796173481171245e-01 2.380133625212354609e+00 -4.505024346027785009e-01 5.152945880453890792e-01 -8.844569802556508098e-02
7.895588990908649407e+00 7.895588990908649407e+00 3.835853291940046206e-01 2.858711776536576599e-01 4.865814831298846399e-01 6.772193956239765944e-01 1.890528067568800763e-01 2.268431112213225298e-01 1.000000000000000000e+00 5.183095784065931966e-01 2.394793252989944887e-01 7.900568274509178757e-01 5.777722184261747662e-01 7.529806996723814594e-01 2.893615938925448106e+00 4.457072269491769989e-02 4.804131029399330899e+00 2.365639102161949947e-01 2.392605605816512160e+00 -4.966466132917861653e-01 5.183841178453806320e-01 -8.344336520007318569e-02
7.865525850403739305e+00 7.865525850403739305e+00 3.882482268783373769e-01 2.836713244643916387e-01 4.630439497608027644e-01 6.891763276449439646e-01 1.724819945803281740e-01 2.349085507662378447e-01 1.000000000000000000e+00 5.183095726422335403e-01 2.394793082411834639e-01 7.900568221032595595e-01 5.777722136107149575e-01 7.529806934959371034e-01 2.877623673541586768e+00 9.919781601752920841e-03 4.786893646041162853e+00 2.793431873360560092e-01 2.345166440575619404e+00 -6.450597011403664816e-01 5.286834712393972957e-01 -4.441290131317626733e-02
7.860432530290123232e+00 7.860432530290123232e+00 3.975723489483588557e-01 2.846574856925954133e-01 4.639543167022591175e-01 6.909944453147064403e-01 1.780313837731146431e-01 2.299805465915778779e-01 1.000000000000000000e+00 5.183095843620461052e-01 2.394793218805691681e-01 7.900568222988451073e-01 5.777722146948053306e-01 7.529807032138208234e-01 2.888753165584073912e+00 1.162404578583692456e-02 4.820679833467432118e+00 2.714618547239248669e-01 2.344723659942340444e+00 -6.395976710405740784e-01 5.285308674066528933e-01 -2.471668917984880601e-02
7.854245879521911000e+00 7.854245879521911000e+00 4.187779112187387520e-01 2.844575636048585210e-01 4.547727418955941903e-01 7.004166921435753812e-01 1.797415315565673855e-01 2.272962786452911721e-01 1.000000000000000000e+00 5.183095915678418431e-01 2.394793281053669842e-01 7.900568216027299417e-01 5.777722148551688308e-01 7.529807083412826119e-01 2.896848245806799227e+00 7.445328931392736563e-03 4.851789149334196694e+00 2.629597265095345859e-01 2.327074492562248409e+00 -6.782440248865966304e-01 5.386410056508432742e-01 3.651480569797728448e-02
7.837838034531062981e+00 7.839839577799252446e+00 5.056938074964036911e-01 2.841537118796256256e-01 4.125923480294179657e-01 7.253552011897043128e-01 1.897641699713801255e-01 2.145331312506978672e-01 1.000000000000000000e+00 5.183096746122665133e-01 2.394793636014455607e-01 7.900568179562755811e-01 5.777722586740026145e-01 7.529807857887715894e-01 2.915792002818688111e+00 -1.682220864723697057e-02 4.932165721295760363e+00 2.199460232633004830e-01 2.246470519121552822e+00 -8.545416221526275224e-01 5.988865196977182226e-01 3.238736476961937560e-01
7.858792111076366105e+00 7.858792111076366105e+00 5.036795270496280397e-01 2.822998253482202347e-01 4.192655500557729287e-01 7.132990896741076003e-01 1.928852531408095372e-01 2.231983408100491340e-01 1.000000000000000000e+00 5.183096710022705444e-01 2.394793646720169145e-01 7.900568169052506473e-01 5.777722543385322984e-01 7.529807797871737041e-01 2.921869193257902175e+00 -1.761454335248271302e-02 4.921910464448703948e+00 1.976309314278736906e-01 2.250063595327099986e+00 -8.658022989686682269e-01 6.222845103041405590e-01 3.922005967865376808e-01
7.843996996944081701e+00 7.906071952273882708e+00 5.304369970963226377e-01 2.750227713420491105e-01 3.957224611604780451e-01 7.266023021176875041e-01 1.905884410541946461e-01 2.240386812441092501e-01 1.000000000000000000e+00 5.183096726176432689e-01 2.394793843913791964e-01 7.900568176812401422e-01 5.777722418732266219e-01 7.529807783839919111e-01 2.983558994003643772e+00 -2.930292264329687618e-02 4.920605668779798769e+00 1.395812046341252666e-01 2.245042676136541182e+00 -9.065938670829342128e-01 6.777824280835644810e-01 6.037745748953424751e-01
7.865994990529101116e+00 7.939218854263065950e+00 5.134242930134471639e-01 2.729672412080340616e-01 3.878623280976357668e-01 7.144753495117543984e-01 1.982574753493402397e-01 2.143860021579043484e-01 9.999999999999998890e-01 5.183096324168897651e-01 2.394793835577886387e-01 7.900568179397059465e-01 5.777722095540497316e-01 7.529807432359354458e-01 2.993959759231906936e+00 -3.415329096805905240e-02 4.826194926863463408e+00 8.707463013005073416e-02 2.249656696121763666e+00 -8.589221571417617884e-01 6.857048883814510498e-01 6.959020044283690254e-01
7.854581421257362805e+00 7.954659663331807629e+00 5.224861262500455350e-01 2.747401559165945084e-01 3.764378629385694564e-01 7.238996150375898164e-01 1.987401698649459980e-01 2.121830567361558395e-01 9.999999999999998890e-01 5.183096361356624993e-01 2.394793854153404733e-01 7.900568183061310590e-01 5.777722135505879431e-01 7.529807459604327402e-01 3.008901694467142729e+00 -3.621946382445413032e-02 4.838772460410677212e+00 4.462282851037752129e-02 2.243630043732273371e+00 -8.379832060615276523e-01 6.919726717376367686e-01 7.801989197557831490e-01
7.862321758224709356e+00 7.983956258360272784e+00 5.005796396930972669e-01 2.717976059015722590e-01 3.681962479566568414e-01 7.373006227643821298e-01 1.935255535150185169e-01 2.089553481850513483e-01 1.000000000000000000e+00 5.183096266579569900e-01 2.394793757924750521e-01 7.900568470559997669e-01 5.777722215167738762e-01 7.529807368188103922e-01 3.042844560048650671e+00 -2.181922675017615790e-02 4.856295184781691532e+00 -8.602410635349705403e-02 2.285080825577534114e+00 -6.450921431566047914e-01 6.695460405824688044e-01 8.784815099011668016e-01
7.942733889516342849e+00 8.019804943090655058e+00 4.981636796675988355e-01 2.592683392037708479e-01 3.300378144888316267e-01 7.480405106370756618e-01 2.000121863094211361e-01 1.910197342002867837e-01 1.000000000000000000e+00 5.183096214278892777e-01 2.394793687689711070e-01 7.900568937791366819e-01 5.777722366878865756e-01 7.529807338359556512e-01 3.115660490624961643e+00 -4.976564480750702429e-03 4.877549747898781263e+00 -4.226566820643704037e-01 2.320485727571023560e+00 -3.356540397783959184e-01 6.680756886199579192e-01 1.305940860976718465e+00
7.987884718504020043e+00 7.987884718504020043e+00 4.863825002455959834e-01 2.578011253702195416e-01 3.388024833996047258e-01 7.323179022191521614e-01 1.963339435491547325e-01 1.898341501620124105e-01 9.999999999999998890e-01 5.183096212620952326e-01 2.394793552038346207e-01 7.900568865938785157e-01 5.777722331367468600e-01 7.529807283579571520e-01 3.068689983743503102e+00 4.318884436380180519e-03 4.827874341619359022e+00 -4.516517736791553217e-01 2.306018480436084594e+00 -2.465552335162685405e-01 6.548625375525732872e-01 1.244831341796770685e+00
7.981678054866426564e+00 7.991550192475307846e+00 4.889857363097853127e-01 2.507221201327308191e-01 3.348343737465792058e-01 7.270566893272835118e-01 1.946929080075346097e-01 1.918575851923163544e-01 1.000000000000000000e+00 5.183096169424817878e-01 2.394793733086317267e-01 7.900568816675375139e-01 5.777722380140871694e-01 7.529807203317880893e-01 3.101023423789122546e+00 1.804503519725074012e-03 4.845219329720799273e+00 -4.762833439934555102e-01 2.305370010117254509e+00 -2.274635490132887461e-01 6.640665127994466177e-01 1.269459384077272768e+00
7.991129426427174387e+00 8.001364252979097813e+00 4.847556147378466185e-01 2.496843551258790261e-01 3.298432185090848234e-01 7.284445461737405481e-01 1.935489829536485851e-01 1.915738779589256646e-01 9.999999999999998890e-01 5.183096135800184801e-01 2.394793725751381830e-01 7.900568867420844077e-01 5.777722394294455555e-01 7.529807167250804900e-01 3.105043897331245972e+00 5.818398226714765684e-03 4.839273983508644683e+00 -5.316967355213181312e-01 2.302336628294368026e+00 -1.655704175349006213e-01 6.634196366734497197e-01 1.310776095553520371e+00
7.985968011172864145e+00 8.001548634488003131e+00 4.843731713294701091e-01 2.501814606239814442e-01 3.299611541536700554e-01 7.294084433361776032e-01 1.923906765919376760e-01 1.920484311966993152e-01 1.000000000000000000e+00 5.183096144775001246e-01 2.394793588026410402e-01 7.900568873948037307e-01 5.777722412539364472e-01 7.529807174753516685e-01 3.104337639235899893e+00 6.355700249083889516e-03 4.847048785151321759e+00 -5.368037441732841364e-01 2.289742434292268758e+00 -1.651731735182183913e-01 6.689586418060617934e-01 1.299370003400591722e+00
7.976272279124307474e+00 8.005590109379328467e+00 4.816186902099071077e-01 2.494469670192402955e-01 3.278207117804094461e-01 7.312366228970024196e-01 1.890955404303752418e-01 1.900915398347412522e-01 9.999999999999998890e-01 5.183096107423723620e-01 2.394793321105244677e-01 7.900568908602129126e-01 5.777722431028545769e-01 7.529807138205868444e-01 3.098919945398626474e+00 8.209202340984135537e-03 4.853544873924423797e+00 -5.804077347855985947e-01 2.241249884074560050e+00 -1.466193115180011441e-01 6.955567726196456579e-01 1.285904050110228125e+00
7.972005960384822565e+00 8.015162552483557690e+00 4.696668425022176852e-01 2.482396308377996796e-01 3.235407246059678332e-01 7.317233988325834160e-01 1.849501517686726326e-01 1.848483479427777409e-01 1.000000000000000000e+00 5.183095983613053015e-01 2.394792742132198782e-01 7.900568949990989243e-01 5.777722425388558403e-01 7.529807014986004132e-01 3.094622352856271075e+00 1.256482455189190592e-02 4.857275594118957152e+00 -6.674867111577699186e-01 2.177729446880911635e+00 -9.337851098425667407e-02 7.400803018840641512e-01 1.274046086094233088e+00
7.978808270800183067e+00 8.025376985722685319e+00 4.584488726826090321e-01 2.460828816290008825e-01 3.179421587009405581e-01 7.305955424725082414e-01 1.814663047503647653e-01 1.788604522378095529e-01 1.000000000000000000e+00 5.183095835632227644e-01 2.394791774718594002e-01 7.900568991309616651e-01 5.777722389467652153e-01 7.529806629770683379e-01 3.083403254518491288e+00 1.634266337736027877e-02 4.840794880699781366e+00 -7.646369688675349607e-01 2.115824910136291148e+00 -4.420432930541158545e-02 7.936826372075134195e-01 1.278442360045163539e+00
7.989793500929759595e+00 8.030270231682470339e+00 4.483835647883709918e-01 2.449107897152320856e-01 3.144932750842265312e-01 7.287385974266328281e-01 1.800313502600767446e-01 1.753419606607001524e-01 9.999999999999998890e-01 5.183095728850739548e-01 2.394791236857114758e-01 7.900568999709440821e-01 5.777722348416708398e-01 7.529806425828217131e-01 3.083637273781545396e+00 1.846662957995979029e-02 4.824845312307654233e+00 -8.258217253056059359e-01 2.095371814428556245e+00 -1.158575463252618787e-02 8.277448979753365688e-01 1.286400387200387074e+00
7.993523332398586589e+00 8.031141366584604313e+00 4.472563319563337414e-01 2.449452549914583055e-01 3.129697223790194882e-01 7.277026386756390020e-01 1.801411157524682727e-01 1.749475789376993828e-01 1.000000000000000000e+00 5.183095687380961936e-01 2.394791272249885694e-01 7.900569186029303692e-01 5.777722506685866177e-01 7.529806360136002130e-01 3.083811076584959121e+00 1.745655403188122942e-02 4.808102867927245505e+00 -8.376898079529125907e-01 2.095376579664289807e+00 -1.924397630626580383e-02 8.430534924088515236e-01 1.285420461194746178e+00
7.993234826801388415e+00 8.031116393035256706e+00 4.475593761799482317e-01 2.449579193053205983e-01 3.110620008901797129e-01 7.283611574016747303e-01 1.800972869074513594e-01 1.745202645535397501e-01 1.000000000000000000e+00 5.183095673385800239e-01 2.394791273263608966e-01 7.900569270257926657e-01 5.777722575481637479e-01 7.529806318715016600e-01 3.090479964787542499e+00 1.688310775855008522e-02 4.801395634481707475e+00 -8.497154349833631048e-01 2.099609320288776004e+00 -2.053047701249719262e-02 8.507558769954547406e-01 1.287732037109670324e+00
7.988130230026157186e+00 8.029856036543584707e+00 4.485160419932071041e-01 2.453903270953796678e-01 3.087984784823434858e-01 7.294597824598900715e-01 1.797359339266743627e-01 1.736260365600541256e-01 1.000000000000000000e+00 5.183095646991559002e-01 2.394791256443762617e-01 7.900569355322903942e-01 5.777722648932900329e-01 7.529806266529429637e-01 3.095808270066821244e+00 1.607679087073807245e-02 4.793525565229631802e+00 -8.635312732392074198e-01 2.099827839217320413e+00 -2.408701840937846686e-02 8.587838336523283544e-01 1.277877021174569361e+00
7.980955375215030401e+00 8.029628092240272963e+00 4.503508690041325702e-01 2.452929827823176201e-01 3.051825059723553557e-01 7.306989864869026796e-01 1.792055797651306570e-01 1.712290921087221141e-01 9.999999999999998890e-01 5.183095617913630049e-01 2.394791196127037392e-01 7.900569479691275099e-01 5.777722756101023593e-01 7.529806204937780079e-01 3.102741907092869234e+00 1.578392217975892534e-02 4.787447446947681762e+00 -8.959434392761354005e-01 2.094801522569596841e+00 -1.704583403230689256e-02 8.692699763580544747e-01 1.272509558868513579e+00
7.971148276535527266e+00 8.028480993891399464e+00 4.518633479542634168e-01 2.449312427809895165e-01 3.010323459184610639e-01 7.318705221598326149e-01 1.785682898083656989e-01 1.676221839326546836e-01 9.999999999999998890e-01 5.183095572299245557e-01 2.394791094840548473e-01 7.900569366615434186e-01 5.777722883006474186e-01 7.529805870470516194e-01 3.107546843597793984e+00 1.558921334701603850e-02 4.783135139236259548e+00 -9.370511851515734847e-01 2.089649460560845995e+00 -5.734833079238220097e-03 8.782092323104013776e-01 1.258056495704052757e+00
7.958591859950002068e+00 8.028092504092382953e+00 4.543999897607557958e-01 2.440375820972595089e-01 2.950375881566202896e-01 7.325615571676301618e-01 1.780681274162575767e-01 1.617219472085252019e-01 9.999999999999997780e-01 5.183095517540425856e-01 2.394790941724094513e-01 7.900569327155710919e-01 5.777723058714991922e-01 7.529805528026189965e-01 3.112069353149038875e+00 1.504512695505683811e-02 4.780234070800899460e+00 -1.002846142403268859e+00 2.083990916947117356e+00 1.294294131864471252e-02 8.895177925919351969e-01 1.245237649553552428e+00
7.942514183406740536e+00 8.025884499954377915e+00 4.577130607222194558e-01 2.426812114405370868e-01 2.875323675879594698e-01 7.331574449011296624e-01 1.775741359578067724e-01 1.539474316756885286e-01 1.000000000000000000e+00 5.183095455099158144e-01 2.394790771958020259e-01 7.900568946542062543e-01 5.777722975435015673e-01 7.529804763927615552e-01 3.114398287169717783e+00 1.320391617487685215e-02 4.779137794874380063e+00 -1.087234085420174523e+00 2.083410746576995987e+00 3.087743203855285168e-02 8.998984990078493507e-01 1.227283243991887929e+00
7.924145358291808883e+00 8.022997221970229020e+00 4.612262940479299744e-01 2.413756089846332553e-01 2.792358377209859799e-01 7.336841696136930935e-01 1.769111275024524699e-01 1.455537103646437902e-01 1.000000000000000000e+00 5.183095396727063209e-01 2.394790615122934507e-01 7.900568627891930706e-01 5.777723032290574823e-01 7.529804012207105268e-01 3.115715631426352772e+00 9.726572466877202866e-03 4.779455716574640078e+00 -1.182134896611783725e+00 2.085717845273957316e+00 4.400634662238338268e-02 9.105905898806258003e-01 1.209340999600771793e+00
7.907498835847694529e+00 8.018342738179439877e+00 4.644290454355819442e-01 2.402721942494719654e-01 2.723117471865182937e-01 7.344690730019713953e-01 1.760304174739983074e-01 1.388339707731646722e-01 9.999999999999997780e-01 5.183095357545091098e-01 2.394790521559283791e-01 7.900568617729738508e-01 5.777723087063670881e-01 7.529803367830570915e-01 3.115846189825743018e+00 5.412727694094820671e-03 4.780430117837438431e+00 -1.261215581667765706e+00 2.090247596719271073e+00 4.791478078329385742e-02 9.172544985881689872e-01 1.192712412426621293e+00
7.897263750067672561e+00 8.015665219185349244e+00 4.659360582429764031e-01 2.398203390309922856e-01 2.683406008703370094e-01 7.350512871995136255e-01 1.752224023658398022e-01 1.352298393520986464e-01 1.000000000000000000e+00 5.183095337514093126e-01 2.394790477524990635e-01 7.900568524281889049e-01 5.777723112504071779e-01 7.529802978326346485e-01 3.116083489244146243e+00 2.257423302701677681e-03 4.781551262554557979e+00 -1.307292316395713971e+00 2.091976080252707426e+00 4.825515197445914145e-02 9.210708771299510600e-01 1.182482081816994990e+00
7.894443789522005872e+00 8.014143494395025158e+00 4.664684606908331976e-01 2.396756746143406669e-01 2.674538193185735935e-01 7.352793042050262962e-01 1.748791632981667177e-01 1.344914020314783853e-01 1.000000000000000000e+00 5.183095337262337843e-01 2.394790484166335331e-01 7.900568295953140918e-01 5.777722920084140679e-01 7.529802878272390254e-01 3.116143541342506040e+00 7.747709974640581108e-04 4.782061898249482468e+00 -1.318182245729437430e+00 2.093143612146446397e+00 4.576379788311714381e-02 9.206356243416653484e-01 1.178973836236181016e+00
7.894107487456332173e+00 8.014049349052271509e+00 4.662798619474025075e-01 2.396573869929872480e-01 2.674030101445368790e-01 7.353386522343542397e-01 1.746793878001784706e-01 1.344999949722334165e-01 1.000000000000000000e+00 5.183095338816070541e-01 2.394790487688190916e-01 7.900568218215958671e-01 5.777722844585574391e-01 7.529802858655630926e-01 3.116509314024813904e+00 -1.906786766580866651e-05 4.782469834070850467e+00 -1.320008447229130466e+00 2.092810472834016000e+00 4.433973319744234642e-02 9.202189467647752252e-01 1.177994349981344113e+00
7.896770879998141979e+00 8.014208642620607392e+00 4.652168133937362171e-01 2.397790066260497011e-01 2.689578559605118602e-01 7.351438207162457328e-01 1.744598457581026663e-01 1.359110581549420604e-01 9.999999999999998890e-01 5.183095355231365220e-01 2.394790532467666877e-01 7.900568037047237535e-01 5.777722628772755664e-01 7.529803271268831200e-01 3.117243883666172888e+00 -1.909484375903952418e-03 4.783858729108598773e+00 -1.307010539348252953e+00 2.093082319136847058e+00 3.715819308434939461e-02 9.156860061428702124e-01 1.177967274814756937e+00
7.926509029031320708e+00 8.017423959717236315e+00 4.552818453757133677e-01 2.409398804161887175e-01 2.848902383763998181e-01 7.329307699806538734e-01 1.734443657877732248e-01 1.500935702229718172e-01 1.000000000000000000e+00 5.183095514151282446e-01 2.394790945453936226e-01 7.900566639182814432e-01 5.777720860579970141e-01 7.529805567896945551e-01 3.121065885343749180e+00 -1.598784867741548030e-02 4.796719818304736371e+00 -1.165802661078749525e+00 2.097318500862860535e+00 -2.568716326377323833e-02 8.727759230640883548e-01 1.188417841306663503e+00
7.941403386727263758e+00 8.018642635383626427e+00 4.504714945477582555e-01 2.414263258739477724e-01 2.934553133377904577e-01 7.314318031438856726e-01 1.733466898676260803e-01 1.571796060036003140e-01 9.999999999999998890e-01 5.183095038622365092e-01 2.394790895920331786e-01 7.900565651683498780e-01 5.777719407027709364e-01 7.529806969006547224e-01 3.121316445661674432e+00 -2.362757556054683600e-02 4.805223215599466968e+00 -1.091127239117558601e+00 2.103712561170225648e+00 -6.051467017387598957e-02 8.472848253263778329e-01 1.194468888326622125e+00
7.925242707997391278e+00 8.016594272882155536e+00 4.555990093746574154e-01 2.406498095427398454e-01 2.850055006754927400e-01 7.325170137352260413e-01 1.737907905594654467e-01 1.494639136211000363e-01 1.000000000000000000e+00 5.183095848945048489e-01 2.394791130547727909e-01 7.900566723357244081e-01 5.777721130350813583e-01 7.529806233670690574e-01 3.119649286762709028e+00 -1.773463832195856793e-02 4.799385770725584699e+00 -1.168840030056624402e+00 2.102538538021254233e+00 -2.993305635804170001e-02 8.680701493337789065e-01 1.187537683874517747e+00
7.923971134539218752e+00 8.015781717652245675e+00 4.557194274165429215e-01 2.403107201341392885e-01 2.850766711943854559e-01 7.321152862714115361e-01 1.739690209146539657e-01 1.488008638418701624e-01 9.999999999999998890e-01 5.183095693732663323e-01 2.394791071244700142e-01 7.900566470696642751e-01 5.777720820486156317e-01 7.529806760240338459e-01 3.118965255637351941e+00 -2.057893922933077754e-02 4.802146337171832258e+00 -1.173668182537514815e+00 2.107356109566258517e+00 -3.555881493437480778e-02 8.628483316968871275e-01 1.185452413069367550e+00
7.925755418573032784e+00 8.014774045793901180e+00 4.558869235697961542e-01 2.398120984929264232e-01 2.879871681456046550e-01 7.306507618065019027e-01 1.750983453218471486e-01 1.493669311091685159e-01 1.000000000000000000e+00 5.183095289652446258e-01 2.394791525925579756e-01 7.900566395992533186e-01 5.777720518417682749e-01 7.529809318627624926e-01 3.113653455173533757e+00 -2.790068899068202934e-02 4.812483156293143161e+00 -1.154833063581224728e+00 2.124564062252293439e+00 -5.582095195304330459e-02 8.413828379299931326e-01 1.188721785660930008e+00
7.921594651379569640e+00 8.014379758755813654e+00 4.580364242107514139e-01 2.398574301586704205e-01 2.858633824217415853e-01 7.310263495570279435e-01 1.755430882114242530e-01 1.476120497513428720e-01 9.999999999999998890e-01 5.183094992937832268e-01 2.394791420371140123e-01 7.900566651929965545e-01 5.777720684830098818e-01 7.529808945609978155e-01 3.111184518118251585e+00 -2.516971840663258589e-02 4.810868999231505683e+00 -1.169634299950521150e+00 2.125846807992708865e+00 -4.617173753071322773e-02 8.473222023402952052e-01 1.190351673883307093e+00
7.924557705514127193e+00 8.014503340420953137e+00 4.575775559715155594e-01 2.400965487524152620e-01 2.877809996645740998e-01 7.307876891442401934e-01 1.757243245266291998e-01 1.493101579531154188e-01 1.000000000000000000e+00 5.183095068237106862e-01 2.394791610269154658e-01 7.900566604950869376e-01 5.777720624316211584e-01 7.529809604375917731e-01 3.109536595762663058e+00 -2.636469531031338312e-02 4.813176071717201410e+00 -1.150187431382424297e+00 2.128845377219648061e+00 -5.326117100950186062e-02 8.416435310717887974e-01 1.194175420492084694e+00
7.924557705514127193e+00 8.014503340420953137e+00 4.575775559715155594e-01 2.400965487524152620e-01 2.877809996645740998e-01 7.307876891442401934e-01 1.757243245266291998e-01 1.493101579531154188e-01 1.000000000000000000e+00 5.183095068237106862e-01 2.394791610269154658e-01 7.900566604950869376e-01 5.777720624316211584e-01 7.529809604375917731e-01 3.109536595762663058e+00 -2.636469531031338312e-02 4.813176071717201410e+00 -1.150187431382424297e+00 2.128845377219648061e+00 -5.326117100950186062e-02 8.416435310717887974e-01 1.194175420492084694e+00
