1.873687787159897145e+00
-2.185875339263404771e-01
-3.380971526479311096e-01
-5.133343036240247681e-01
-7.944604759971708452e-01
-9.393993758652315895e-01
-1.020286661866904421e+00
-1.165773734686567309e+00
-1.417934668027343026e+00
-1.668907123953961014e+00
-1.777201927261681469e+00
-1.860500582407474957e+00
-1.886859031331971970e+00
-1.903377170337743118e+00
-1.914305713342664195e+00
-1.922691434696952806e+00
-1.926352408031095420e+00
-1.927071538252695948e+00
-1.927195310616402368e+00
-1.927243444068901468e+00
-1.927273077108246468e+00
-1.927290891918300275e+00
-1.927312865667086594e+00
-1.927343768163131799e+00
-1.927378189758897964e+00
-1.927401642790827374e+00
-1.927410014255968251e+00
-1.927412064840234640e+00
-1.927412542889478830e+00
-1.927412626707371457e+00
-1.927412645409281922e+00
-1.927412650884581247e+00
-1.927412652081173183e+00
