1.781337244818275378e+00
-2.665350752430238335e-01
-6.270082011957379686e-01
-1.204998780395166724e+00
-1.518452135094488842e+00
-1.808748442725026662e+00
-1.879344808550700963e+00
-1.906421605606491765e+00
-1.920014886161449663e+00
-1.924616876185407888e+00
-1.926691787716874771e+00
-1.927105174935813903e+00
-1.927232723631203237e+00
-1.927250142004340638e+00
-1.927268746939049482e+00
-1.927287365868767255e+00
-1.927315884314631411e+00
-1.927353629266828960e+00
-1.927392861596992413e+00
-1.927422863989638468e+00
-1.927444342064620564e+00
-1.927468652702052143e+00
-1.927505870071337446e+00
-1.927559860826247640e+00
-1.927623579328506143e+00
-1.927679245217532644e+00
-1.927726672175934963e+00
-1.927767744336431832e+00
-1.927816757382186719e+00
-1.927861762452945271e+00
-1.927912400900200884e+00
-1.927952594437452483e+00
-1.927986392408865157e+00
-1.928007297760553351e+00
-1.928039474504624762e+00
-1.928079250684076706e+00
-1.928131989344774366e+00
-1.928226764756298950e+00
-1.928308776377367639e+00
-1.928335677112233970e+00
-1.928382084134224739e+00
-1.928460265633258341e+00
-1.928558957935885276e+00
-1.928599005609193284e+00
-1.928660251147822358e+00
-1.928730294791013433e+00
-1.928798325363378474e+00
-1.928894024343295266e+00
-1.928944284306199908e+00
-1.928978301799371131e+00
-1.929036751239685765e+00
-1.929123586866459350e+00
-1.929181550507315102e+00
-1.929207134113355870e+00
-1.929235433443586833e+00
-1.929261518980709411e+00
-1.929293463062757397e+00
-1.929313728751302026e+00
-1.929322246015607645e+00
-1.929326935609712246e+00
-1.929332070014519562e+00
-1.929337585347756567e+00
-1.929342426395357801e+00
-1.929346851951066366e+00
-1.929350899762686700e+00
-1.929354519698112558e+00
-1.929357843027196706e+00
-1.929361237093017767e+00
-1.929364729212306173e+00
-1.929367305418268952e+00
-1.929368440357612569e+00
-1.929368843489514429e+00
-1.929369214264455401e+00
-1.929369828951995380e+00
-1.929370847103062392e+00
-1.929372411863594206e+00
-1.929373980316578585e+00
-1.929374844922800758e+00
-1.929375323131361952e+00
-1.929375601174985633e+00
-1.929376063895633209e+00
-1.929376849694240725e+00
-1.929378137865362275e+00
-1.929379934817975428e+00
-1.929380945655537527e+00
-1.929381429425671923e+00
-1.929381596307932822e+00
-1.929381786705940183e+00
-1.929382118047864969e+00
-1.929382709973624488e+00
-1.929383755141399259e+00
-1.929385486078650569e+00
-1.929387718268689378e+00
-1.929388513999369392e+00
-1.929388921506152599e+00
-1.929388978571926927e+00
-1.929388999466179033e+00
-1.929389032146473282e+00
-1.929389088421800347e+00
-1.929389187140279294e+00
-1.929389357824270235e+00
-1.929389625651839024e+00
-1.929389880108016708e+00
-1.929389982860456154e+00
-1.929390042860026799e+00
-1.929390061631173880e+00
-1.929390092646310340e+00
-1.929390147611780071e+00
-1.929390247453599327e+00
-1.929390426864642460e+00
-1.929390735816340241e+00
-1.929391197257736668e+00
-1.929391519750103479e+00
-1.929391673419710074e+00
-1.929391749806213419e+00
-1.929391764515454799e+00
-1.929391775190482994e+00
-1.929391793645034658e+00
-1.929391826176735769e+00
-1.929391883365839888e+00
-1.929391976340702364e+00
-1.929392082883549797e+00
-1.929392123157711136e+00
-1.929392154643840840e+00
-1.929392161820002505e+00
-1.929392170703784215e+00
-1.929392186585769720e+00
-1.929392216029008233e+00
-1.929392270414389987e+00
-1.929392368783971801e+00
-1.929392539129039186e+00
-1.929392802882913704e+00
-1.929393040351667477e+00
-1.929393176626690298e+00
-1.929393287909351828e+00
-1.929393319392026074e+00
-1.929393333815820233e+00
-1.929393339005479380e+00
-1.929393341461617561e+00
-1.929393344802038834e+00
-1.929393349506002275e+00
-1.929393357059084879e+00
-1.929393370598956103e+00
-1.929393395158875535e+00
-1.929393438839311026e+00
-1.929393509342791635e+00
-1.929393590605494424e+00
-1.929393623423382831e+00
-1.929393644521682827e+00
-1.929393647214398211e+00
