1.647779364144674963e+00
-5.950564855103287476e-01
-1.156290591977763293e+00
-1.471853171791842829e+00
-1.787553445300816390e+00
-1.858842594348560917e+00
-1.909790672577308168e+00
-1.918292020524382524e+00
-1.922806546845291509e+00
-1.925034176940983333e+00
-1.927042859364294980e+00
-1.927201331830286968e+00
-1.927347488232040496e+00
-1.927401880280984692e+00
-1.927438489631187801e+00
-1.927462837951792851e+00
-1.927486031384945342e+00
-1.927520782293788759e+00
-1.927571688287467833e+00
-1.927647801513173276e+00
-1.927722704675242982e+00
-1.927774776209981056e+00
-1.927828712214290752e+00
-1.927901373281902364e+00
-1.928011357165399620e+00
-1.928134609849725178e+00
-1.928211794971434134e+00
-1.928250203362242177e+00
-1.928276195046968233e+00
-1.928319518676950839e+00
-1.928395416237307813e+00
-1.928522470543972300e+00
-1.928694471311563907e+00
-1.928808926011858160e+00
-1.928940726673107786e+00
-1.929010826234307530e+00
-1.929050003714150030e+00
-1.929099567300796458e+00
-1.929136808182492446e+00
-1.929172243456514835e+00
-1.929202265884249368e+00
-1.929246163188432117e+00
-1.929289235851033180e+00
-1.929318483676456086e+00
-1.929332338043489248e+00
-1.929338457376360783e+00
-1.929342059167907353e+00
-1.929346796072337167e+00
-1.929354543340791484e+00
-1.929366541558588111e+00
-1.929378329233683242e+00
-1.929382907736159725e+00
-1.929385010055761907e+00
-1.929385898648572351e+00
-1.929386847916018555e+00
-1.929387806022660357e+00
-1.929388543669878775e+00
-1.929388884562487361e+00
-1.929389018565542457e+00
-1.929389116938245330e+00
-1.929389273398918192e+00
-1.929389530156326860e+00
-1.929389937111503084e+00
-1.929390421241542919e+00
-1.929390627267705938e+00
-1.929390709649535518e+00
-1.929390746654539246e+00
-1.929390807850416945e+00
-1.929390909716423019e+00
-1.929391065182252563e+00
-1.929391202185071208e+00
-1.929391257336080523e+00
-1.929391284976822440e+00
-1.929391306767920922e+00
-1.929391344380615880e+00
-1.929391409540883062e+00
-1.929391514703810095e+00
-1.929391636051557946e+00
-1.929391682670721586e+00
-1.929391713245783846e+00
-1.929391728099790537e+00
-1.929391753590506964e+00
-1.929391798143094139e+00
-1.929391874000350615e+00
-1.929391988710626560e+00
-1.929392077791595606e+00
-1.929392114323408514e+00
-1.929392130174903297e+00
-1.929392136556703274e+00
-1.929392147485511799e+00
-1.929392167113061163e+00
-1.929392202302836701e+00
-1.929392264580584548e+00
-1.929392370412493340e+00
-1.929392530869051825e+00
-1.929392667203416512e+00
-1.929392752722988824e+00
-1.929392799605548214e+00
-1.929392814907998854e+00
-1.929392837551465734e+00
-1.929392876448456029e+00
-1.929392946423140742e+00
-1.929393071422489170e+00
-1.929393283787026681e+00
-1.929393581817925973e+00
-1.929393738114765444e+00
-1.929393810162763456e+00
-1.929393831012575111e+00
-1.929393835233736976e+00
-1.929393841631785289e+00
-1.929393853086469601e+00
-1.929393874468231518e+00
-1.929393914125986598e+00
-1.929393987323879012e+00
-1.929394119392493057e+00
-1.929394346423859208e+00
-1.929394693372815883e+00
-1.929395068947353797e+00
-1.929395510142949410e+00
-1.929396075756785844e+00
-1.929396467744671773e+00
-1.929396775799071762e+00
-1.929397169035059534e+00
-1.929397756760298677e+00
-1.929398792091882697e+00
-1.929399601045226120e+00
-1.929401000468411453e+00
-1.929403415319151716e+00
-1.929407538294601210e+00
-1.929413912885438176e+00
-1.929416814175862527e+00
-1.929422115324577414e+00
-1.929431921971786146e+00
-1.929449435925427725e+00
-1.929478002345167198e+00
-1.929518228824314008e+00
-1.929547552824603773e+00
-1.929575962240837494e+00
-1.929613594285526146e+00
-1.929632007463178534e+00
-1.929662123228988335e+00
-1.929707863537151624e+00
-1.929731878059123940e+00
-1.929763865514730448e+00
-1.929788117807734293e+00
-1.929816145003715677e+00
-1.929840114325700462e+00
-1.929863839367192524e+00
-1.929895876791392295e+00
-1.929931077717315979e+00
-1.929952225309085057e+00
-1.929965977966879409e+00
-1.929983438287834252e+00
-1.930003400447274808e+00
-1.930024561915537396e+00
-1.930042255719241595e+00
-1.930065740339222291e+00
-1.930102126931700246e+00
-1.930160803480965193e+00
-1.930256937501126036e+00
-1.930407876575327641e+00
-1.930576318084073595e+00
-1.930707650774518669e+00
-1.930936329014056207e+00
-1.931321978283867535e+00
-1.931851231331378482e+00
-1.932033102954898274e+00
-1.932305773750449207e+00
-1.932648551027194461e+00
-1.932793376574735378e+00
-1.932941459769503822e+00
-1.933123040118749136e+00
-1.933352195654517436e+00
-1.933684019583887803e+00
-1.933877340754706964e+00
-1.934128629008426525e+00
-1.934336797031806165e+00
-1.934459535199660740e+00
-1.934532438594732451e+00
-1.934593668178103743e+00
-1.934661719345146969e+00
-1.934723433674607529e+00
-1.934759063208728147e+00
-1.934790181389353769e+00
-1.934832863156841665e+00
-1.934865031488810505e+00
-1.934903883122178536e+00
-1.934953084295297332e+00
-1.934997166009742031e+00
-1.935034730838919970e+00
-1.935068797882707692e+00
-1.935101895143374051e+00
-1.935143479852181603e+00
-1.935188332757255214e+00
-1.935227583144520702e+00
-1.935249647720963084e+00
-1.935282662187690850e+00
-1.935318570610395250e+00
-1.935349821838499462e+00
-1.935393051696644662e+00
-1.935446398901875309e+00
-1.935491625178773933e+00
-1.935524645374059993e+00
-1.935561249750159529e+00
-1.935582590764437727e+00
-1.935601751318218433e+00
-1.935623624438705725e+00
-1.935649223942609076e+00
-1.935675700059948490e+00
-1.935708562166720048e+00
-1.935741693770810734e+00
-1.935772738503024781e+00
-1.935797238988015367e+00
-1.935835588605671731e+00
-1.935890935826563464e+00
-1.935944511942784496e+00
-1.935986812814928459e+00
-1.936023947996443173e+00
-1.936060937141990346e+00
-1.936092588446242768e+00
-1.936144613758810529e+00
-1.936225771377335869e+00
-1.936300157226765517e+00
-1.936334847288699645e+00
-1.936377827016115383e+00
-1.936411793374459123e+00
-1.936431073734994124e+00
-1.936458786752087491e+00
-1.936486590856298928e+00
-1.936511890594939889e+00
-1.936551327446086823e+00
-1.936604815349295849e+00
-1.936615228247748677e+00
-1.936634106161550628e+00
-1.936665840318018805e+00
-1.936705562225577548e+00
-1.936717743378378209e+00
-1.936735706067095775e+00
-1.936756680524653440e+00
-1.936768740781784182e+00
-1.936777364341448759e+00
-1.936784927307939386e+00
-1.936792106996908958e+00
-1.936801682230167465e+00
-1.936812741069243060e+00
-1.936823883204920049e+00
-1.936835790386748801e+00
-1.936849665015010657e+00
-1.936867424474181920e+00
-1.936880622001876828e+00
-1.936893498157183258e+00
-1.936905251952494744e+00
-1.936916350819865684e+00
-1.936927732472418118e+00
-1.936941470071707583e+00
-1.936953087166523479e+00
-1.936959713334632571e+00
-1.936970079497457142e+00
-1.936985692149536309e+00
-1.937002784296579794e+00
-1.937018705711610167e+00
-1.937041114165751754e+00
-1.937066272643443332e+00
-1.937090204256966652e+00
-1.937120981313231738e+00
-1.937132345539060774e+00
-1.937150564792470497e+00
-1.937172916054552552e+00
-1.937196402989665556e+00
-1.937222656084267580e+00
-1.937271151273863401e+00
-1.937350750147043499e+00
-1.937453047341678669e+00
-1.937582694022134344e+00
-1.937735817834101759e+00
-1.937878001877371803e+00
-1.937943944731431500e+00
-1.937992579204407040e+00
-1.938052325082045613e+00
-1.938120802476135829e+00
-1.938211493850473310e+00
-1.938300630075730613e+00
-1.938379771652097627e+00
-1.938470230238593217e+00
-1.938558704211004402e+00
-1.938656229493458394e+00
-1.938713058964359526e+00
-1.938796108636937188e+00
-1.938882651020476189e+00
-1.938970089033361210e+00
-1.939079479230733316e+00
-1.939181208262835021e+00
-1.939272099060520560e+00
-1.939330989029979690e+00
-1.939416572050416399e+00
-1.939494539088857827e+00
-1.939534550433648974e+00
-1.939597580483989558e+00
-1.939692878945884491e+00
-1.939761266974191045e+00
-1.939811847975943415e+00
-1.939839485429891042e+00
-1.939871006662096997e+00
-1.939898586692633708e+00
-1.939935618016614960e+00
-1.939980102813931628e+00
-1.940013646600080799e+00
-1.940042499053694636e+00
-1.940070020809238294e+00
-1.940105749345879316e+00
-1.940142570407544120e+00
-1.940193697104974468e+00
-1.940230604793405256e+00
-1.940247850944363694e+00
-1.940263291717477134e+00
-1.940280023537598986e+00
-1.940298385212937626e+00
-1.940313766334083478e+00
-1.940323920029942917e+00
-1.940336487577052349e+00
-1.940351655104220807e+00
-1.940367160593792439e+00
-1.940383240020563171e+00
-1.940397888409798988e+00
-1.940412437796343204e+00
-1.940424335413071910e+00
-1.940436989264500589e+00
-1.940453193018562894e+00
-1.940477724889470235e+00
-1.940507865543205313e+00
-1.940534337575149593e+00
-1.940556352941021689e+00
-1.940564653727102851e+00
-1.940572189070413955e+00
-1.940581878994227516e+00
-1.940594482909948626e+00
-1.940607343783841365e+00
-1.940619340516103852e+00
-1.940633837246528604e+00
-1.940655433611017777e+00
-1.940672344979020192e+00
-1.940681175511664414e+00
-1.940690865059689685e+00
-1.940700807836471808e+00
-1.940708330423240868e+00
-1.940718599026653335e+00
-1.940727580548480713e+00
-1.940736002259943582e+00
-1.940744356305642793e+00
-1.940752923990939793e+00
-1.940759682763943506e+00
-1.940765484252849449e+00
-1.940770101009460014e+00
-1.940773148477502819e+00
-1.940775917299741860e+00
-1.940780462687157870e+00
-1.940787098830539126e+00
-1.940793093114709711e+00
-1.940797853186740030e+00
-1.940803855576661796e+00
-1.940808362810099386e+00
-1.940812481031420234e+00
-1.940816810457838715e+00
-1.940823320721668965e+00
-1.940830858703982198e+00
-1.940836086938807270e+00
-1.940839871701749653e+00
-1.940842206603833109e+00
-1.940844982121313844e+00
-1.940848982655430044e+00
-1.940854074323261180e+00
-1.940859455257172073e+00
-1.940863295640594011e+00
-1.940865911151093970e+00
-1.940868143884688202e+00
-1.940870488211858369e+00
-1.940873144024102048e+00
-1.940875082798670270e+00
-1.940877150495706527e+00
-1.940878741076760061e+00
-1.940880275159136970e+00
-1.940881829794240065e+00
-1.940883859622252405e+00
-1.940886325141431223e+00
-1.940889500682301705e+00
-1.940893305973380834e+00
-1.940898119878437411e+00
-1.940903050814981379e+00
-1.940906704781990122e+00
-1.940908887587013965e+00
-1.940910839795338516e+00
-1.940912556455566484e+00
-1.940913690795743385e+00
-1.940914547342413421e+00
-1.940915357298494515e+00
-1.940916322905862801e+00
-1.940918020965110014e+00
-1.940921004981846387e+00
-1.940925979593782102e+00
-1.940933009552372912e+00
-1.940938296048688061e+00
-1.940943361644933862e+00
-1.940948005564417045e+00
-1.940949150735739703e+00
-1.940950890781881544e+00
-1.940952501608997682e+00
-1.940953539956785878e+00
-1.940954612235053167e+00
-1.940956068579361649e+00
-1.940956967936825706e+00
-1.940958447563251532e+00
-1.940960962882621876e+00
-1.940965005145018907e+00
-1.940969842185643834e+00
-1.940971639265175019e+00
-1.940972750010834025e+00
-1.940973247093567444e+00
-1.940973768253619669e+00
-1.940974563207789494e+00
-1.940975844222114777e+00
-1.940977774626782004e+00
-1.940979928936142018e+00
-1.940981559826518321e+00
-1.940983529252131579e+00
-1.940985966458592227e+00
-1.940989495963256983e+00
-1.940992018932992114e+00
-1.940993388712939360e+00
-1.940994778323229308e+00
-1.940995743744991842e+00
-1.940996540289233518e+00
-1.940997271862906715e+00
-1.940998063619231218e+00
-1.940998532708942736e+00
-1.940999263274827413e+00
-1.941000204713919208e+00
-1.941000832502820739e+00
-1.941001387476717355e+00
-1.941001835710608026e+00
-1.941002463199211103e+00
-1.941003462753051689e+00
-1.941005040276742477e+00
-1.941007302641425181e+00
-1.941009380267425533e+00
-1.941011290336880801e+00
-1.941012584632038296e+00
-1.941013461406754459e+00
-1.941014097510849190e+00
-1.941014627109033830e+00
-1.941015191685760310e+00
-1.941016054147124859e+00
-1.941017446245922429e+00
-1.941019566852717482e+00
-1.941021905409112458e+00
-1.941023066582781897e+00
-1.941023829089264296e+00
-1.941024135973437037e+00
-1.941024421097804487e+00
-1.941024866132865068e+00
-1.941025532686350585e+00
-1.941026437903689894e+00
-1.941027834181757949e+00
-1.941029997202380786e+00
-1.941033136407793513e+00
-1.941035749786128362e+00
-1.941039496886466376e+00
-1.941043459122562487e+00
-1.941046289445936157e+00
-1.941047141340124904e+00
-1.941048415741479571e+00
-1.941049663927051583e+00
-1.941050302667307825e+00
-1.941050912411734775e+00
-1.941051802859692810e+00
-1.941053028014653847e+00
-1.941054839328862913e+00
-1.941057512135566654e+00
-1.941061382392473167e+00
-1.941066816154346286e+00
-1.941069364598957847e+00
-1.941073614970358907e+00
-1.941080787618993275e+00
-1.941089475934597131e+00
-1.941099188127812347e+00
-1.941103598492777138e+00
-1.941107714436970166e+00
-1.941114350007639544e+00
-1.941124171925488806e+00
-1.941131010186461836e+00
-1.941138118779453414e+00
-1.941145137024731238e+00
-1.941152288812896032e+00
-1.941159414539220807e+00
-1.941165826453610244e+00
-1.941170432815697566e+00
-1.941173859650286992e+00
-1.941177784042074084e+00
-1.941181369362712905e+00
-1.941185636387228852e+00
-1.941191351024289080e+00
-1.941199109123136202e+00
-1.941210020957758298e+00
-1.941223926034279845e+00
-1.941234921172521943e+00
-1.941239914416521550e+00
-1.941248106023738540e+00
-1.941261229730797844e+00
-1.941279919689097522e+00
-1.941301321160874060e+00
-1.941324850700349325e+00
-1.941346907353079798e+00
-1.941359560295053521e+00
-1.941376718058944961e+00
-1.941382169534504376e+00
-1.941392042761359127e+00
-1.941408508863706306e+00
-1.941427194789871580e+00
-1.941435706018431961e+00
-1.941448165737025722e+00
-1.941465562359265373e+00
-1.941484285406054333e+00
-1.941499282800498660e+00
-1.941517711235918764e+00
-1.941538858023326597e+00
-1.941564519510261544e+00
-1.941596786045374667e+00
-1.941612646359544225e+00
-1.941638523164971319e+00
-1.941672389889039341e+00
-1.941689768543418015e+00
-1.941704452777550660e+00
-1.941720596838510726e+00
-1.941740210736044636e+00
-1.941755912251904359e+00
-1.941772332728791239e+00
-1.941793427498855751e+00
-1.941820793288759006e+00
-1.941846087365109108e+00
-1.941860169558821791e+00
-1.941882077656462036e+00
-1.941914947759289189e+00
-1.941945997476702157e+00
-1.941955202036091510e+00
-1.941971146880420385e+00
-1.941997204046603587e+00
-1.942030061527112217e+00
-1.942046263910398363e+00
-1.942066896870012771e+00
-1.942077993749738551e+00
-1.942091480563445716e+00
-1.942101693760230674e+00
-1.942111258500258009e+00
-1.942125046603248251e+00
-1.942143659824703272e+00
-1.942152111356023614e+00
-1.942165403995112172e+00
-1.942183980377263364e+00
-1.942203791415836545e+00
-1.942229101138770231e+00
-1.942259156947963028e+00
-1.942291785970398310e+00
-1.942322590849217878e+00
-1.942358753044551190e+00
-1.942372497177992319e+00
-1.942394849179458038e+00
-1.942425271006356535e+00
-1.942439848871459152e+00
-1.942451412278850764e+00
-1.942467414904272882e+00
-1.942490770962029600e+00
-1.942523730670528304e+00
-1.942556493834653342e+00
-1.942571846685527293e+00
-1.942590826215969013e+00
-1.942605095349874356e+00
-1.942620739394905760e+00
-1.942634560355384732e+00
-1.942645620998764366e+00
-1.942659553155590357e+00
-1.942672704392249372e+00
-1.942683335306585324e+00
-1.942696081045155898e+00
-1.942711372374586798e+00
-1.942727809602893707e+00
-1.942752470599660608e+00
-1.942783971398087228e+00
-1.942805285243454971e+00
-1.942826653167605944e+00
-1.942836185458387988e+00
-1.942849793486752574e+00
-1.942869860407595350e+00
-1.942892779066896836e+00
-1.942920512280967849e+00
-1.942949762215582465e+00
-1.942990245973445607e+00
-1.943011169679321970e+00
-1.943036619441219637e+00
-1.943061474312704373e+00
-1.943084268222516675e+00
-1.943114144839908741e+00
-1.943136625723169031e+00
-1.943145209052705935e+00
-1.943158441795329816e+00
-1.943178731642097867e+00
-1.943199986457686101e+00
-1.943215567788950882e+00
-1.943230827850514153e+00
-1.943249775422644099e+00
-1.943271642973537272e+00
-1.943280603786346372e+00
-1.943293799061916127e+00
-1.943312010026233105e+00
-1.943336604160017966e+00
-1.943373139309223507e+00
-1.943405920281858767e+00
-1.943425688445430177e+00
-1.943446618402187021e+00
-1.943466748121370546e+00
-1.943495508700296082e+00
-1.943539079758363597e+00
-1.943580952523064065e+00
-1.943620667306788841e+00
-1.943648134722199661e+00
-1.943658697429717641e+00
-1.943674830184644042e+00
-1.943694594450384505e+00
-1.943706546467812935e+00
-1.943717982972770875e+00
-1.943721696816274047e+00
-1.943727836518615248e+00
-1.943736066397697693e+00
-1.943741608653979824e+00
-1.943747789854210817e+00
-1.943754642304599045e+00
-1.943761723010272391e+00
-1.943768503377908408e+00
-1.943776715438984670e+00
-1.943786016187892596e+00
-1.943795898693960744e+00
-1.943805296143677586e+00
-1.943812138448282933e+00
-1.943819756683383027e+00
-1.943830620074955773e+00
-1.943846362774602099e+00
-1.943855012059488629e+00
-1.943860318066116921e+00
-1.943864949727417413e+00
-1.943869223859755468e+00
-1.943873662182939999e+00
-1.943878753812949611e+00
-1.943883585598108921e+00
-1.943886240662139553e+00
-1.943889451532205603e+00
-1.943893163773745991e+00
-1.943896771485656760e+00
-1.943900227416527127e+00
-1.943903652357603651e+00
-1.943907883785479296e+00
-1.943911867567380547e+00
-1.943914422347396531e+00
-1.943916782276212896e+00
-1.943919415791553140e+00
-1.943922918904388286e+00
-1.943926456933573022e+00
-1.943928874783722893e+00
-1.943931684586583497e+00
-1.943934489769324481e+00
-1.943937918480736160e+00
-1.943940510557196077e+00
-1.943942835303331229e+00
-1.943945387973502026e+00
-1.943948369610484894e+00
-1.943951103979001394e+00
-1.943954054363256301e+00
-1.943956507305981685e+00
-1.943958352627247477e+00
-1.943960011216488315e+00
-1.943961386627767851e+00
-1.943962398761853949e+00
-1.943963336014307597e+00
-1.943964054245679085e+00
-1.943964970760799549e+00
-1.943966270951098307e+00
-1.943967546661555579e+00
-1.943969056624798908e+00
-1.943970826577759548e+00
-1.943972944599372976e+00
-1.943975500376778243e+00
-1.943978467953569877e+00
-1.943981156800467680e+00
-1.943983722890477939e+00
-1.943985804871151357e+00
-1.943987469893448727e+00
-1.943988876596849824e+00
-1.943990746036709183e+00
-1.943992607349703583e+00
-1.943993881586011385e+00
-1.943994972767370433e+00
-1.943995776669914743e+00
-1.943996502791105252e+00
-1.943997114262943970e+00
-1.943997673174542529e+00
-1.943998373914485267e+00
-1.943999375546345831e+00
-1.944000742761261336e+00
-1.944002553373808562e+00
-1.944004862659808541e+00
-1.944007426608120426e+00
-1.944009233320693530e+00
-1.944010519767191081e+00
-1.944010972738596799e+00
-1.944011599417537983e+00
-1.944012362059718946e+00
-1.944013543326806870e+00
-1.944015363328210455e+00
-1.944017831406234631e+00
-1.944020409227346313e+00
-1.944021485214784573e+00
-1.944022557573489518e+00
-1.944023081789782115e+00
-1.944023618151595523e+00
-1.944024409333060310e+00
-1.944025766096948438e+00
-1.944027913017636999e+00
-1.944030283984546026e+00
-1.944031609587419940e+00
-1.944032966344454660e+00
-1.944034479950280669e+00
-1.944035512410303923e+00
-1.944036633721368812e+00
-1.944038294177793835e+00
-1.944040035154677382e+00
-1.944040920059633581e+00
-1.944041772063376250e+00
-1.944042383770567373e+00
-1.944042893531275018e+00
-1.944043350303262141e+00
-1.944043648689320225e+00
-1.944044094793747179e+00
-1.944044726833507486e+00
-1.944045499590306481e+00
-1.944046329159417219e+00
-1.944047266501536475e+00
-1.944048188347052397e+00
-1.944049355315149885e+00
-1.944050794251360736e+00
-1.944052273264155195e+00
-1.944053610269513177e+00
-1.944054790053588277e+00
-1.944055858628410460e+00
-1.944056859984049979e+00
-1.944057536680537046e+00
-1.944058215556820013e+00
-1.944059065138264764e+00
-1.944060024793619501e+00
-1.944061099730885145e+00
-1.944062373874342997e+00
-1.944064126631125600e+00
-1.944065311424283404e+00
-1.944067157282440395e+00
-1.944069674738229780e+00
-1.944072272003221524e+00
-1.944074127898418158e+00
-1.944076140260368124e+00
-1.944077262082055890e+00
-1.944078170511337245e+00
-1.944079265283184643e+00
-1.944079943205103245e+00
-1.944080987794709170e+00
-1.944082320041751410e+00
-1.944083063411088608e+00
-1.944083799624282793e+00
-1.944084682466516334e+00
-1.944085772903656029e+00
-1.944087110611748326e+00
-1.944088399085153185e+00
-1.944090287769556058e+00
-1.944092868731513324e+00
-1.944096278948559853e+00
-1.944099066634826345e+00
-1.944103085624331761e+00
-1.944106490274535304e+00
-1.944108730237176896e+00
-1.944109967705712316e+00
-1.944111134433243571e+00
-1.944111830728896928e+00
-1.944112487198361272e+00
-1.944113232937540126e+00
-1.944114074083009402e+00
-1.944115156675534584e+00
-1.944116514225545211e+00
-1.944117783800011878e+00
-1.944118860127471482e+00
-1.944119509900314346e+00
-1.944120094803002408e+00
-1.944120643034223050e+00
-1.944121291632403103e+00
-1.944122054465565075e+00
-1.944122877570676255e+00
-1.944123587040452961e+00
-1.944124348079162790e+00
-1.944125166148890083e+00
-1.944126218122461225e+00
-1.944127572748348021e+00
-1.944128695587748368e+00
-1.944130141965912717e+00
-1.944131427504069531e+00
-1.944133282529503681e+00
-1.944135147342621828e+00
-1.944136505236631063e+00
-1.944137920386949769e+00
-1.944138927595905564e+00
-1.944140201268010237e+00
-1.944141754743549555e+00
-1.944143170655916464e+00
-1.944144283894366554e+00
-1.944145124657384205e+00
-1.944146165955147332e+00
-1.944147517200746300e+00
-1.944149303439205667e+00
-1.944151554043827446e+00
-1.944153448362794467e+00
-1.944154753620127574e+00
-1.944156260327976282e+00
-1.944157954742333771e+00
-1.944159377447904458e+00
-1.944160153276828673e+00
-1.944160903906402060e+00
-1.944161870080567622e+00
-1.944162723911667445e+00
-1.944163698874153301e+00
-1.944164861065983629e+00
-1.944166212247433911e+00
-1.944166769141453699e+00
-1.944167557713294858e+00
-1.944168733847296604e+00
-1.944170290795455447e+00
-1.944171550446453622e+00
-1.944173015995159570e+00
-1.944173862484821047e+00
-1.944174653666866703e+00
-1.944174889186607746e+00
-1.944175246154655978e+00
-1.944175585042119625e+00
-1.944175802535892617e+00
-1.944176095842457208e+00
-1.944176499583939233e+00
-1.944176786499401510e+00
-1.944177117833247648e+00
-1.944177635526105563e+00
-1.944178459879147836e+00
-1.944179561902336539e+00
-1.944180227884369394e+00
-1.944181055111686707e+00
-1.944182057024772758e+00
-1.944182779442463316e+00
-1.944183255067831961e+00
-1.944183714462563994e+00
-1.944184218232522854e+00
-1.944184577743271358e+00
-1.944184818169376161e+00
-1.944185164875754657e+00
-1.944185654077669412e+00
-1.944186211541647502e+00
-1.944187091272029377e+00
-1.944188391938418192e+00
-1.944189998525397867e+00
-1.944191822042618423e+00
-1.944193860324181511e+00
-1.944196056914858195e+00
-1.944198273860197279e+00
-1.944201243157605008e+00
-1.944204162312544337e+00
-1.944207534390340886e+00
-1.944210505211685369e+00
-1.944212749306955645e+00
-1.944213802233421884e+00
-1.944214714383881937e+00
-1.944215435137154113e+00
-1.944216087059904341e+00
-1.944216492303925792e+00
-1.944216791874280759e+00
-1.944216997011364967e+00
-1.944217253864318096e+00
-1.944217629219079591e+00
-1.944218156920840546e+00
-1.944218638120683185e+00
-1.944218983997184624e+00
-1.944219288455226513e+00
-1.944219630254720999e+00
-1.944220048813078083e+00
-1.944220540057645108e+00
-1.944221145676925389e+00
-1.944221655540785409e+00
-1.944222158265637601e+00
-1.944222693006510072e+00
-1.944223352811175864e+00
-1.944224104405380960e+00
-1.944224867539294799e+00
-1.944225604420638298e+00
-1.944226326980415864e+00
-1.944227126385335902e+00
-1.944228034859545318e+00
-1.944228806586053793e+00
-1.944229442044667744e+00
-1.944229923853032949e+00
-1.944230276266138091e+00
-1.944230567179408009e+00
-1.944230876920320483e+00
-1.944231187837799357e+00
-1.944231553464508044e+00
-1.944231972827161758e+00
-1.944232415707946915e+00
-1.944233013582803871e+00
-1.944233795197336967e+00
-1.944234531208008487e+00
-1.944235430805275167e+00
-1.944236655446853534e+00
-1.944237968378736969e+00
-1.944239646260568444e+00
-1.944241298389260297e+00
-1.944241961277590969e+00
-1.944242862744894218e+00
-1.944243258359702242e+00
-1.944243506062525828e+00
-1.944243704248371118e+00
-1.944243834587431552e+00
-1.944244016919491891e+00
-1.944244158145534751e+00
-1.944244281563465737e+00
-1.944244339836304292e+00
-1.944244410697591352e+00
-1.944244466603408661e+00
-1.944244546876278568e+00
-1.944244678203259413e+00
-1.944244899036743135e+00
-1.944245267815145617e+00
-1.944245832046829880e+00
-1.944246521949894335e+00
-1.944246934846544539e+00
-1.944247471733145272e+00
-1.944247679890926728e+00
-1.944247847364272141e+00
-1.944248044691535338e+00
-1.944248261529627708e+00
-1.944248538646651703e+00
-1.944248763064289731e+00
-1.944248977644828180e+00
-1.944249167362218422e+00
-1.944249427173915690e+00
-1.944249659408301856e+00
-1.944249798398560269e+00
-1.944249982314890435e+00
-1.944250158191323630e+00
-1.944250348425712982e+00
-1.944250645481913065e+00
-1.944251070123296454e+00
-1.944251521117388304e+00
-1.944252022629084253e+00
-1.944252660178508174e+00
-1.944253426709527943e+00
-1.944254114788042109e+00
-1.944254815384615753e+00
-1.944255524021739623e+00
-1.944255949407107220e+00
-1.944256434498289554e+00
-1.944256984201707006e+00
-1.944257339026141729e+00
-1.944257632636463118e+00
-1.944257870293818247e+00
-1.944258166510327346e+00
-1.944258409843683921e+00
-1.944258691292616525e+00
-1.944259028934903766e+00
-1.944259417171775084e+00
-1.944259962523376295e+00
-1.944260823809341510e+00
-1.944261899792743664e+00
-1.944262426354735007e+00
-1.944262961250673882e+00
-1.944263798152050526e+00
-1.944265116219079381e+00
-1.944266971959916379e+00
-1.944268165554313699e+00
-1.944269555519765325e+00
-1.944271100841208133e+00
-1.944272412519063131e+00
-1.944273236811039363e+00
-1.944274234577117566e+00
-1.944274718830498072e+00
-1.944275323731008198e+00
-1.944276136100280494e+00
-1.944277270019078463e+00
-1.944278206411890642e+00
-1.944279374201730359e+00
-1.944279923138527710e+00
-1.944280407309621372e+00
-1.944280854743953402e+00
-1.944281074066249060e+00
-1.944281389578747410e+00
-1.944281725492695401e+00
-1.944281946337858002e+00
-1.944282096197098131e+00
-1.944282301076866171e+00
-1.944282521995523316e+00
-1.944282648732752472e+00
-1.944282792564739459e+00
-1.944282919427863687e+00
-1.944283080150154053e+00
-1.944283279785208318e+00
-1.944283470905340261e+00
-1.944283649686766813e+00
-1.944283846652275827e+00
-1.944284026881691885e+00
-1.944284219821900361e+00
-1.944284398304034323e+00
-1.944284605643442188e+00
-1.944284798101443723e+00
-1.944284948973992178e+00
-1.944285087585979621e+00
-1.944285174107494241e+00
-1.944285237787087173e+00
-1.944285294993593372e+00
-1.944285354498900498e+00
-1.944285445898696452e+00
-1.944285552620309332e+00
-1.944285614152166941e+00
-1.944285712227985963e+00
-1.944285849506437014e+00
-1.944285972568014387e+00
-1.944286094103534701e+00
-1.944286237719558441e+00
-1.944286384417897029e+00
-1.944286530605432439e+00
-1.944286713802177768e+00
-1.944286966713088427e+00
-1.944287241385024512e+00
-1.944287498807515835e+00
-1.944287774239467304e+00
-1.944288005330133906e+00
-1.944288147824746904e+00
-1.944288219351631763e+00
-1.944288275548654799e+00
-1.944288321304409761e+00
-1.944288366863734741e+00
-1.944288415708058215e+00
-1.944288448369634992e+00
-1.944288473699531838e+00
-1.944288487962309908e+00
-1.944288497565075824e+00
-1.944288506443049958e+00
-1.944288520029739065e+00
-1.944288542639873940e+00
-1.944288580021724222e+00
-1.944288638889586807e+00
-1.944288725488281244e+00
-1.944288826968171513e+00
-1.944288961222676582e+00
-1.944289099516901764e+00
-1.944289247976037860e+00
-1.944289369763266162e+00
-1.944289518684513496e+00
-1.944289672152032855e+00
-1.944289854379712468e+00
-1.944290010189738904e+00
-1.944290157470708547e+00
-1.944290283724429136e+00
-1.944290425333487171e+00
-1.944290578350297727e+00
-1.944290759979852012e+00
-1.944290913803090604e+00
-1.944291005090160729e+00
-1.944291023848003563e+00
-1.944291041371494000e+00
-1.944291052745621862e+00
-1.944291067068804058e+00
-1.944291080313523157e+00
-1.944291090598771810e+00
-1.944291106384019585e+00
-1.944291132495025609e+00
-1.944291172903608533e+00
-1.944291215075498069e+00
-1.944291247164295466e+00
-1.944291296147572901e+00
-1.944291340336510077e+00
-1.944291380116936141e+00
-1.944291438467974364e+00
-1.944291510563004977e+00
-1.944291596823280344e+00
-1.944291718406177205e+00
-1.944291905394655240e+00
-1.944292125417075079e+00
-1.944292150341071057e+00
-1.944292197337058603e+00
-1.944292281912536779e+00
-1.944292412998515296e+00
-1.944292500319564132e+00
-1.944292548547039701e+00
-1.944292598167394859e+00
-1.944292654543243071e+00
-1.944292668077722830e+00
-1.944292690817520874e+00
-1.944292723799941225e+00
-1.944292747504087648e+00
-1.944292765235963838e+00
-1.944292783701770500e+00
-1.944292803267358316e+00
-1.944292816210626995e+00
-1.944292835644576334e+00
-1.944292862974950520e+00
-1.944292895938677157e+00
-1.944292951832916172e+00
-1.944293048399730273e+00
-1.944293215309901068e+00
-1.944293488130486525e+00
-1.944293890382105650e+00
-1.944294285107077247e+00
-1.944294647098086415e+00
-1.944294896052646049e+00
-1.944295131260191045e+00
-1.944295270883542814e+00
-1.944295288345871509e+00
-1.944295321253231901e+00
-1.944295381605835704e+00
-1.944295481673436576e+00
-1.944295562005676103e+00
-1.944295589292724280e+00
-1.944295628415118937e+00
-1.944295686171952253e+00
-1.944295770366545106e+00
-1.944295899907492187e+00
-1.944296113513859670e+00
-1.944296419649670593e+00
-1.944296688523157624e+00
-1.944296858263951266e+00
-1.944297050519312231e+00
-1.944297196988307830e+00
-1.944297289758687652e+00
-1.944297418517896947e+00
-1.944297569676062709e+00
-1.944297757734568810e+00
-1.944297957033840785e+00
-1.944298190957184591e+00
-1.944298293729060045e+00
-1.944298372471895409e+00
-1.944298404659625001e+00
-1.944298430177741288e+00
-1.944298447459530177e+00
-1.944298457345795317e+00
-1.944298463827693890e+00
-1.944298467328706703e+00
-1.944298472036417813e+00
-1.944298476903313588e+00
-1.944298482013663953e+00
-1.944298485723777725e+00
-1.944298487183081736e+00
-1.944298487942948128e+00
