1.973124011587877868e+00
-1.204951674570594183e-01
1.931872740399856181e-01
-1.001924923293094488e-01
-1.341964821226834248e-01
1.062225039101908908e-01
-2.186025799093139210e-01
-2.461222139434416090e-01
2.705823548085072305e-01
-2.293155293615505019e-03
1.766952424863111326e-01
-1.324965593036452893e-01
-2.495858196962873199e-02
6.733632383358031936e-02
2.640302405270374131e-02
5.745364073239591501e-02
-2.992776729216449771e-01
-6.657789477856237981e-02
-7.770702077962393650e-02
-2.118971276786018806e-02
-9.307342194431053595e-02
-3.114856799131493839e-02
-6.679259813946492041e-02
-2.397987150424742836e-04
-8.991825184761989553e-02
-5.641561484680411576e-02
