1.000000000000000000e+00
3.400000000000000000e+01
7.600000000000000000e+01
1.180000000000000000e+02
1.600000000000000000e+02
2.020000000000000000e+02
2.440000000000000000e+02
2.860000000000000000e+02
3.280000000000000000e+02
3.700000000000000000e+02
4.120000000000000000e+02
4.540000000000000000e+02
4.960000000000000000e+02
5.380000000000000000e+02
5.800000000000000000e+02
6.220000000000000000e+02
6.640000000000000000e+02
7.060000000000000000e+02
7.480000000000000000e+02
7.890000000000000000e+02
