1.994776531624906868e+00
1.799930770177841088e-01
3.134450358545863846e-01
1.273605834865220443e-01
5.887908543648702198e-01
-2.240605224201079881e-01
1.989570126997410038e-01
-1.039407083978468316e-01
-3.647934754418697412e-01
-1.068797866240548955e-01
8.648237422016759046e-01
2.395852452424418744e-01
1.545921708915306836e-01
-3.208919848302678735e-01
4.657240807207109201e-01
-3.524216424528935354e-01
-2.174114409766240708e-01
-2.248824304009414965e-01
-6.915617586915370762e-02
-7.633270805933747849e-02
