7.176802141003748581e+00 8.502616656118316740e+00 6.269961858716625258e+00 5.721431080099189437e+00 1.194473441339326605e-02 6.196511848605076866e-02 3.375565711222554971e-02 3.957623773230355829e-02 9.607737460109173899e-02 7.380923947207145008e-02 1.995979419561571058e-02 2.439226110432426639e-02 8.130203629132830290e-02 6.057813411256433161e-02 6.086311771406606452e-02 3.018996607188658907e-02 4.479471460725929083e-02 3.844825340825230170e-02 8.100594441542033342e-02 9.142069515918727074e-02
6.914353257256220964e+00 6.914353257256221852e+00 6.914353257256220964e+00 6.914353257256220964e+00 -2.406052414678739801e-02 6.155909164584080773e-02 2.947789136134053994e-02 3.914732270849984735e-02 1.925598601338523452e-01 7.469576915613822254e-02 3.335736862035935946e-02 2.424971659634391971e-02 1.447170271932753383e-01 5.854108577272058161e-02 1.231186194611974122e-01 3.072518597964720918e-02 9.060422197725440108e-02 3.872297121602207709e-02 1.680090860570371547e-01 9.018303451274867211e-02
6.856421198281299034e+00 6.856421198281299034e+00 6.950271753094130922e+00 6.992575902146006328e+00 -8.972798743970644697e-02 6.012565001448382657e-02 1.841510106177547679e-01 3.788290056463062411e-02 3.860585488204280602e-01 7.905643385646132781e-02 1.531877501701948141e-01 2.412426276001161315e-02 3.036367224780471274e-01 5.126949006144115861e-02 2.240711847173300075e-01 3.063787163177722483e-02 1.400339658561958189e-01 3.886920443382269746e-02 3.710429206424168402e-01 9.144887127294251683e-02
6.569652175927590321e+00 6.569652175927590321e+00 7.411447972222127589e+00 7.669014631800791015e+00 -1.157581802261371084e+00 1.430445574659101188e-02 2.408686503096528764e+00 -5.183087836085068650e-02 2.560050411744013044e+00 1.824460058439942856e-01 1.929927209726156612e+00 1.090653338285432067e-02 2.091058543251751445e+00 -9.912550344640483346e-02 1.216090749422612971e+00 4.675334450021787630e-02 4.302070297590614434e-01 4.769896286467213697e-02 3.220428252249079470e+00 1.298638667503030364e-01
5.339761779747544068e+00 5.339761779747544956e+00 8.592879302488187321e+00 9.758768833123077968e+00 -2.094680366963562967e+00 8.052728318116833539e-02 4.264070301409797814e+00 -2.650565942928148622e-01 4.290293986670747017e+00 1.776122369397635237e-01 3.300938669788713753e+00 5.275365281807992829e-02 3.392032580953452836e+00 -1.840969724026988996e-01 1.895865670589349072e+00 1.061929659033290785e-01 5.713028155522001938e-01 3.205425530566198555e-02 5.256347584539495799e+00 1.088145456541975697e-01
6.523856745637195864e+00 6.544257129509731818e+00 7.756009281205828998e+00 7.996858784740816795e+00 -1.283291533829125308e+00 9.336414436065773592e-02 2.828092143959682669e+00 -1.367940945632821759e-01 2.892132979549101979e+00 1.836950707016190565e-01 2.104303501866870985e+00 1.083369870525082296e-01 2.326110432716943954e+00 -1.311579790759646313e-01 1.316093670124262038e+00 1.737392256117444023e-03 3.984950596897736674e-01 3.302009312348318931e-02 3.547017079301108655e+00 7.414311804055723210e-02
6.524700221674558875e+00 6.524700221674558875e+00 7.606307011312053667e+00 7.652775090882277809e+00 -1.164371282801372365e+00 2.454114524494943883e-01 2.960933517943217019e+00 -2.191456399634727492e-01 2.885750177461708255e+00 2.176962878780978328e-01 1.989642871416993808e+00 2.754884435888030891e-01 2.269517412442712434e+00 -1.681058206521682807e-01 1.201520816079317378e+00 -1.152305577610786003e-01 2.796815315322846440e-01 3.104771297475021619e-02 3.475420426681973929e+00 -1.484791652571501586e-02
6.440611586918081777e+00 6.440611586918081777e+00 7.790606339260074620e+00 7.811906842954019936e+00 -1.181165006496332159e+00 3.311550145512827115e-01 3.150431278128485779e+00 -2.287864282902316859e-01 3.040677481956976624e+00 2.267041941502326852e-01 2.029456802979739294e+00 3.310106631213262096e-01 2.392922191200911541e+00 -1.548802198986269640e-01 1.256529755646411672e+00 -1.779926353868366562e-01 2.532875125588076592e-01 6.061440027668955899e-02 3.656044438334651314e+00 -3.489332525743291807e-02
6.443815226767653392e+00 6.443815226767652504e+00 7.767928383551199190e+00 7.912201516560065429e+00 -1.013469429376862685e+00 5.594971296299342534e-01 3.163957359155503024e+00 -2.484752193028295086e-01 2.982425128412503401e+00 2.230273073261897776e-01 1.797771769880249337e+00 4.142328317985191077e-01 2.335752873753606185e+00 -1.010723795899780841e-01 1.210597503785764140e+00 -2.850304492002368462e-01 1.349979991597863860e-01 1.212197001198208057e-01 3.551152967828291374e+00 -1.048367180792001696e-01
6.405291602759398906e+00 6.405291602759398906e+00 7.854208324230257610e+00 8.007410646630280127e+00 -3.909343110682778066e-01 1.622923480948702757e+00 3.623442997176888003e+00 -3.697321987995574322e-01 3.025815512309408373e+00 2.220798326391136557e-01 9.443724155914956508e-01 8.123282462200840381e-01 2.116299885783443191e+00 1.388455372347405514e-01 1.111308721092819196e+00 -7.113729307159271098e-01 -4.829699270067441264e-01 3.693506075616425077e-01 3.218111350225729250e+00 -4.835118224277550336e-01
6.477588931700546837e+00 6.477588931700546837e+00 7.706353007554189283e+00 8.035298279463146898e+00 -6.467500777654542343e-01 1.411894947113779608e+00 3.599173979973897541e+00 -3.576897952263450864e-01 3.133806119131329115e+00 2.480577398307425574e-01 1.239936178598196381e+00 6.597551086991916280e-01 2.118587773151684672e+00 1.228926973127777988e-01 1.134326325892353271e+00 -5.766571580707531286e-01 -3.461064806863647370e-01 3.114330306205339571e-01 3.328886552408267363e+00 -4.272528255616919179e-01
6.515043933402973941e+00 6.515043933402973941e+00 7.618103224184548772e+00 8.045801091429597207e+00 -7.428969104792191303e-01 1.452956878085446935e+00 3.696549761621287900e+00 -3.861948591721894308e-01 3.337942737546298666e+00 2.598318371264708992e-01 1.310185578229227543e+00 5.707396595705441777e-01 1.980827548963735918e+00 1.999828934309204609e-01 1.048133885196068871e+00 -5.008444889139318512e-01 -3.813066781963965757e-01 3.724817552659776543e-01 3.255243435721005163e+00 -4.898301284989556859e-01
6.558986514676250046e+00 6.558986514676250046e+00 7.416184899435208422e+00 8.110762215596906799e+00 -8.644708754061749545e-01 1.886259277111959953e+00 4.018924962487454344e+00 -5.448616618129784595e-01 4.026381860767036969e+00 2.694658026186035338e-01 1.320975866344267002e+00 4.031489878520022052e-01 1.379285885835898950e+00 5.646754066029111563e-01 5.928655424798281448e-01 -2.676968050572177127e-01 -6.719671682518090217e-01 6.961149705058135018e-01 2.823876153768430708e+00 -8.755322931268867404e-01
6.498908261330291758e+00 6.498908261330291758e+00 7.600285084536070102e+00 8.006890806785236236e+00 -9.192522169432878476e-01 1.740210995124954474e+00 3.928542374816907490e+00 -5.200704994726756958e-01 3.924173238066862801e+00 2.072346438119762047e-01 1.441257315924821425e+00 4.301754567687186559e-01 1.552301715213100897e+00 4.500122199344929741e-01 6.726969511316304162e-01 -2.586808234197761069e-01 -5.841765920749965035e-01 6.106672458017864402e-01 2.960579951378893959e+00 -7.753731427902506024e-01
6.472834100521371425e+00 6.472834100521371425e+00 7.826554847027844986e+00 8.003948531368575203e+00 -9.435248937773712541e-01 1.966965698649835170e+00 4.191081758614402020e+00 -5.980225885740507730e-01 4.107517609943431403e+00 9.274034489757661259e-02 1.529085378324645195e+00 5.861449650458271377e-01 1.679783478947847408e+00 4.076977168632757165e-01 6.844428535759261578e-01 -2.689433770823012604e-01 -7.215378635913047844e-01 6.136152868102100477e-01 3.115527340217825625e+00 -8.159969589034175019e-01
6.427028983336228407e+00 6.427028983336228407e+00 7.796314886522804244e+00 8.014749432745595925e+00 -1.055986892095388319e+00 1.913044518680887762e+00 4.124904533966740949e+00 -6.127618610555648493e-01 4.252772957006301979e+00 -2.106996938886106230e-02 1.654979633377496206e+00 4.959820851488732085e-01 1.554130381862971699e+00 4.750283257790803848e-01 5.643559759482469351e-01 -7.509252890586134987e-02 -7.372131700570307977e-01 6.599286137434184907e-01 2.946080413869013981e+00 -8.659390999420905066e-01
6.407058849357870400e+00 6.407058849357870400e+00 7.752656407642253278e+00 8.089898740934529542e+00 -1.013957123851516373e+00 1.869812459228387125e+00 4.118707783584389048e+00 -5.767806166013109692e-01 4.262087954940244394e+00 -1.345179484052567709e-01 1.606856750709756643e+00 4.955679099122797804e-01 1.588305077402253795e+00 4.725048439978029591e-01 6.239347161395342178e-01 -2.575096250219353206e-02 -7.619374346720789726e-01 6.610997379010739028e-01 2.869931240856877341e+00 -8.340686447843264073e-01
6.399085008975055722e+00 6.399085008975055722e+00 7.748821239171484798e+00 8.136968755420152632e+00 -9.988487017406338930e-01 1.839578803858769707e+00 4.172233063723301605e+00 -5.287103214075987712e-01 4.420585940908929423e+00 -4.489768173810978480e-01 1.580161848848522066e+00 4.739646900977563249e-01 1.626270004227660326e+00 4.700888356735569706e-01 6.812366729255715514e-01 1.810133001204061176e-01 -8.429049163309214610e-01 6.565590731654941115e-01 2.723087747507956458e+00 -8.110066639808439781e-01
6.362437079814371010e+00 6.362437079814371010e+00 7.741495615899842697e+00 8.307496168595411845e+00 -7.817389832601826516e-01 1.852087776805985575e+00 4.280587357962314599e+00 -3.178540812085608458e-01 5.021191599272889938e+00 -1.682346752062244377e+00 1.177853973350363681e+00 1.930228070181647659e-01 1.642254339245363903e+00 4.988424778279971217e-01 9.625737522931885337e-01 9.547081485342938656e-01 -1.232357164280085238e+00 6.087533343877886693e-01 2.067605562594258206e+00 -7.705719188146393783e-01
6.413587260416400149e+00 6.413587260416400149e+00 7.700045840821952758e+00 8.198422566535857214e+00 -8.058490763483943109e-01 1.893325084100096811e+00 4.184485005388773438e+00 -4.020342701778941708e-01 4.643436849549733125e+00 -9.621268143695126396e-01 1.278663317830043278e+00 2.707613560013860665e-01 1.580808953284492002e+00 4.850231463072060545e-01 8.237569848827495100e-01 5.035225778352002690e-01 -1.025410940814283745e+00 6.215653458555352451e-01 2.359907374120903345e+00 -7.896210646176129444e-01
6.388537080297280291e+00 6.388537080297280291e+00 7.681097947369466716e+00 8.265257974093239923e+00 -7.103269553257123281e-01 2.016477098491073594e+00 4.209724617462032192e+00 -3.487545395617755450e-01 4.828412432033091228e+00 -1.171789582804260821e+00 1.160122489941869839e+00 9.399393665601366021e-02 1.496556521317421673e+00 5.223029671467456225e-01 8.949795152486241800e-01 6.798315277012920710e-01 -1.123600947766725699e+00 6.038674620664488124e-01 2.212657898998328321e+00 -8.066872217701731573e-01
6.346356439172295083e+00 6.346356439172295083e+00 7.676862582109141186e+00 8.382091947095961615e+00 -5.162487396172492637e-01 2.255718018951561987e+00 4.191789768647100622e+00 -2.520285512646487369e-01 5.048520293448031993e+00 -1.357807548700887823e+00 1.034452444951384331e+00 -2.919396204897070080e-01 1.354426896577217265e+00 5.819490333439056862e-01 1.034171520372218378e+00 9.465776788779153295e-01 -1.126465418566429122e+00 5.227719755854627337e-01 2.030860286682813154e+00 -7.709119630819374347e-01
6.351592251908499520e+00 6.351592251908499520e+00 7.709552557705976916e+00 8.322715448481408984e+00 -6.235992481367916840e-01 2.272818917731708410e+00 4.191497309220800105e+00 -3.441302479839474238e-01 4.943140424941232958e+00 -1.111582151252145323e+00 1.168832554279899849e+00 -1.462745392590670823e-01 1.385317471007301293e+00 5.774774807668088261e-01 9.530797860311429615e-01 7.417554155359619150e-01 -1.039877771117633465e+00 5.259200908590687673e-01 2.225766446953160393e+00 -7.928346629888260999e-01
6.378723646259218505e+00 6.378723646259218505e+00 7.700286464235627015e+00 8.328353357610961183e+00 -5.344864092103855935e-01 2.501813417809125806e+00 4.119071024453686114e+00 -3.713775411978518792e-01 4.923484722317294171e+00 -9.984931439487042537e-01 1.161897072598745861e+00 -2.513285485581724377e-01 1.278872254073060377e+00 6.149999827752565817e-01 9.809481080331843295e-01 6.853906793689727994e-01 -8.795429746076348643e-01 4.030086596165551316e-01 2.226447152412387886e+00 -7.384252327738124455e-01
6.385696642250160870e+00 6.385696642250160870e+00 7.719074944331551613e+00 8.310744736242714481e+00 -5.729464380848722227e-01 2.573992585344954787e+00 4.094908223506930511e+00 -4.056672489937540593e-01 4.946860433343381658e+00 -1.003942464013723113e+00 1.230184115554688207e+00 -2.337344873193878680e-01 1.274537135152774114e+00 6.447506021474328497e-01 9.972492459906603379e-01 6.757540526280498838e-01 -7.788260396354270698e-01 3.358877000583698758e-01 2.289273906854456975e+00 -7.011971773937709651e-01
6.408302710022097948e+00 6.408302710022097948e+00 7.724933847495044859e+00 8.280312891359887573e+00 -6.294817878197570549e-01 2.756065988985225701e+00 4.082723431241209511e+00 -4.576775385659365147e-01 5.050747899878980540e+00 -1.108439893717046321e+00 1.297050604652630446e+00 -2.084015154479742504e-01 1.216994440255680043e+00 7.783131068643739381e-01 1.000142895335167648e+00 6.940242106578937697e-01 -6.405997424670770712e-01 2.216959998879063920e-01 2.314645162683719004e+00 -6.512177510755265963e-01
6.412655369806816275e+00 6.412655369806816275e+00 7.714212817718326676e+00 8.290683165249468800e+00 -6.247801590920927239e-01 2.761903487867577667e+00 4.064727251271225583e+00 -4.359209546568623694e-01 5.019849044752327849e+00 -1.146842307580369535e+00 1.289115958962654407e+00 -2.077110206405416160e-01 1.225059462617530848e+00 8.224404719716821299e-01 9.971052060992332544e-01 7.133799953834427665e-01 -6.229925330943044681e-01 1.721945711843082261e-01 2.318423387941435543e+00 -6.258275978363188052e-01
6.416663569429463365e+00 6.416663569429463365e+00 7.686555082734880529e+00 8.294991775199088480e+00 -6.334226292987800155e-01 2.773897928182991190e+00 4.055761659777906480e+00 -4.043641407242161145e-01 4.986404257352335279e+00 -1.189929778960490792e+00 1.253367352131843138e+00 -2.142701932719332514e-01 1.219013548869633645e+00 9.176590031827688287e-01 9.601977668251296949e-01 7.416893174418439649e-01 -6.351735487101820565e-01 1.034004205565075968e-01 2.304471827502989623e+00 -6.093636806180938725e-01
6.419984673962477295e+00 6.419984673962477295e+00 7.686224679689176220e+00 8.291779493437857695e+00 -6.497631660559207711e-01 2.791181103967328880e+00 4.050954544526844892e+00 -3.996892508014692758e-01 4.974337725580576297e+00 -1.187568981311702077e+00 1.235780790158156117e+00 -2.312187698107825151e-01 1.212720485277420490e+00 9.617450348031431062e-01 9.386631968086673883e-01 7.431461776170105171e-01 -6.289727103155273724e-01 5.331799730608167281e-02 2.310269155888925230e+00 -6.146259328898884267e-01
6.422249395977740249e+00 6.422249395977740249e+00 7.684407969306515263e+00 8.284758992984292192e+00 -6.768661879217857669e-01 2.776033533733769598e+00 4.051960177258978391e+00 -3.978088854625739246e-01 4.959854283646019546e+00 -1.187901196099181877e+00 1.203239100484776003e+00 -2.479255952074589375e-01 1.224686061723168518e+00 9.919224797584506037e-01 9.230371624707174316e-01 7.459078276729599333e-01 -6.457595352746592354e-01 -6.417143436569690274e-03 2.303067980285220528e+00 -6.403220736714221317e-01
6.425712439590297365e+00 6.425712439590297365e+00 7.683234932908135306e+00 8.278700574064153273e+00 -7.005361470095254894e-01 2.763855674081515890e+00 4.047596289017692861e+00 -4.082354426531110692e-01 4.944683186861548840e+00 -1.182889929751689939e+00 1.177363330228328175e+00 -2.595109362068394043e-01 1.243321289111970707e+00 1.005612234997347532e+00 9.165823887193350616e-01 7.400421768790330646e-01 -6.620363297858931073e-01 -7.695199831529922485e-02 2.286126276836590865e+00 -6.824845498165116320e-01
6.428360398498231376e+00 6.428360398498231376e+00 7.680653503899476320e+00 8.276621069907054817e+00 -7.202752072078556500e-01 2.755674176714293377e+00 4.038123588471771441e+00 -4.263542426287684206e-01 4.940141939810565930e+00 -1.185912697634348589e+00 1.153007471554803098e+00 -2.711948912309077309e-01 1.278673124477214262e+00 1.013229113007118043e+00 9.162260307664439329e-01 7.422448478194458854e-01 -6.907295629240600698e-01 -1.717212341177020707e-01 2.246834664970315476e+00 -7.510234384447509459e-01
6.430257335882442860e+00 6.430257335882442860e+00 7.677742417632192229e+00 8.277732910466331973e+00 -7.333432763170946167e-01 2.765023358368545292e+00 4.017617833801400806e+00 -4.517873181400348659e-01 4.944092853039917301e+00 -1.190775852087666342e+00 1.140784509592715601e+00 -2.697168100166517646e-01 1.328400215355751479e+00 1.022020726941149871e+00 9.119960762579281122e-01 7.489772030852378526e-01 -7.276217414486411128e-01 -2.819251016860089276e-01 2.189235042442186252e+00 -8.477885791592593145e-01
6.429539767789926863e+00 6.429539767789926863e+00 7.674176734551451773e+00 8.285017835722157997e+00 -7.309593130717080278e-01 2.792971213213182313e+00 3.987746776834991902e+00 -4.740348729864787281e-01 4.971188072953786730e+00 -1.197870281633971690e+00 1.143969905147145694e+00 -2.673645209397054745e-01 1.389148055303006890e+00 1.031024105130202706e+00 9.106188842913963688e-01 7.760008168053866839e-01 -7.665172556027155526e-01 -3.829348233517202438e-01 2.122531746105458694e+00 -9.552020395428491017e-01
6.426677946029474064e+00 6.426677946029474064e+00 7.676990438183090681e+00 8.290052372145364501e+00 -7.228334808547255408e-01 2.811049444303258316e+00 3.971240331867267326e+00 -4.795080528817352028e-01 4.987437752358523824e+00 -1.198341865227377623e+00 1.157040067288065632e+00 -2.503881581719476501e-01 1.421251166716488434e+00 1.036238723253445571e+00 9.021687200601468115e-01 7.938065746054707716e-01 -7.935244791392092045e-01 -4.012216469498601223e-01 2.089947829471116680e+00 -1.017110342634907294e+00
6.427366106452942596e+00 6.427366106452942596e+00 7.675582958430539726e+00 8.290410417009709931e+00 -7.170668657648958666e-01 2.823600476190822661e+00 3.964528705194426905e+00 -4.760622337814512384e-01 4.997125805740897597e+00 -1.191843598889838152e+00 1.165533767136047283e+00 -2.505086606356653478e-01 1.432972770342175961e+00 1.044205433409479911e+00 9.035999282377716879e-01 8.066629592114094027e-01 -7.898703333751887490e-01 -4.032454324772402621e-01 2.095214390233973489e+00 -1.028592032102751741e+00
6.427967107046671735e+00 6.427967107046671735e+00 7.676130403337650954e+00 8.290195320818229519e+00 -7.135918320616932986e-01 2.822891740356923140e+00 3.968920755126017497e+00 -4.710239968168868363e-01 4.995354253621070661e+00 -1.189686654170637903e+00 1.163360793528454451e+00 -2.466191976663928143e-01 1.431866334594794621e+00 1.046588626960090584e+00 9.055293742001769841e-01 8.073927330174230921e-01 -7.892828294811085055e-01 -3.862735337125456359e-01 2.104515945309509917e+00 -1.024504257417746755e+00
6.429271965042307357e+00 6.429271965042307357e+00 7.675119121936760713e+00 8.289556469339519396e+00 -7.120328790609692371e-01 2.821708001960112622e+00 3.971603644205792261e+00 -4.704709202588159833e-01 4.991754575878527334e+00 -1.186492875543405434e+00 1.160749153829792268e+00 -2.443398368134213072e-01 1.433051984088842268e+00 1.049859420137174038e+00 9.089104570366111080e-01 8.069582895605910133e-01 -7.889989863661611702e-01 -3.822107748976011909e-01 2.110166115946252141e+00 -1.026615445658129788e+00
6.429768920459185466e+00 6.429768920459185466e+00 7.674401696254212091e+00 8.289842604647306601e+00 -7.095346243557765220e-01 2.821250708104422245e+00 3.974291053271887364e+00 -4.722163288821035199e-01 4.990641269981714423e+00 -1.184169394400406139e+00 1.159902760744553785e+00 -2.428540936731451161e-01 1.434136500191103281e+00 1.051698785068180486e+00 9.137593496494705869e-01 8.072610107781783562e-01 -7.893217762057048725e-01 -3.805203293904326767e-01 2.114013562470046459e+00 -1.029824970289500596e+00
6.430130447863782628e+00 6.430130447863782628e+00 7.673773337681581097e+00 8.290166818692862094e+00 -7.072056647637361415e-01 2.821701157782203762e+00 3.976093678840180168e+00 -4.761544609586693677e-01 4.990141895401963623e+00 -1.182247247775656485e+00 1.160564372721032855e+00 -2.410408417563371652e-01 1.435283052390128988e+00 1.055141835246244053e+00 9.176515224936575565e-01 8.078927974163527814e-01 -7.899395621880469509e-01 -3.835990268618127419e-01 2.116387783609911200e+00 -1.035157693426176806e+00
6.430122701365821314e+00 6.430122701365821314e+00 7.673804064125286928e+00 8.290450807894099938e+00 -7.054839740735797671e-01 2.821991130623517474e+00 3.976631941970524942e+00 -4.787303096082013987e-01 4.990787006063742481e+00 -1.181417368908728172e+00 1.161772052694504342e+00 -2.401796742904921955e-01 1.435050595494939740e+00 1.056882646382794722e+00 9.188120145839830943e-01 8.083701553577862242e-01 -7.902984920967905946e-01 -3.856253722597702827e-01 2.117283545110456355e+00 -1.036865817875372020e+00
6.430140224174220265e+00 6.430140224174220265e+00 7.674042679473994433e+00 8.290432774803411675e+00 -7.045269869211857605e-01 2.821854663252421513e+00 3.976585719664890828e+00 -4.800959181619148253e-01 4.991433961628188420e+00 -1.181106870464586622e+00 1.162769554738808164e+00 -2.396156716900184613e-01 1.434496244535106158e+00 1.058092611080037715e+00 9.186924539617641328e-01 8.085461982637281997e-01 -7.903486567782777028e-01 -3.866640195208925213e-01 2.117761940674357746e+00 -1.036518601180209664e+00
6.430140224174220265e+00 6.430140224174220265e+00 7.674042679473994433e+00 8.290432774803411675e+00 -7.045269869211857605e-01 2.821854663252421513e+00 3.976585719664890828e+00 -4.800959181619148253e-01 4.991433961628188420e+00 -1.181106870464586622e+00 1.162769554738808164e+00 -2.396156716900184613e-01 1.434496244535106158e+00 1.058092611080037715e+00 9.186924539617641328e-01 8.085461982637281997e-01 -7.903486567782777028e-01 -3.866640195208925213e-01 2.117761940674357746e+00 -1.036518601180209664e+00
