2.006290063506843246e+00
1.959324309531788266e+00
1.707351652801953890e+00
-2.882260933403971714e-01
-1.511684515500767018e-02
-4.375505452716641486e-01
-5.042116466200399216e-01
-6.268111710729084018e-01
-7.224779680431248075e-01
-8.086077259923436511e-01
-9.087659115112586283e-01
-9.824632823670135240e-01
-1.074753786862095994e+00
-1.166780205487364608e+00
-1.184318324154612689e+00
-1.253226635532521005e+00
-1.276738565914141477e+00
-1.317799128539566711e+00
-1.378219387004160135e+00
-1.430451430744126284e+00
-1.507861681316913671e+00
-1.485855146408193939e+00
-1.555896007146309268e+00
-1.573743914715668213e+00
-1.587066937641670838e+00
-1.599494651184822702e+00
-1.603083414725771538e+00
-1.606749260371306942e+00
-1.608066648250681796e+00
-1.609426323336042186e+00
-1.610636954430455958e+00
-1.612077059233730569e+00
-1.613726993857139025e+00
-1.615299421501703137e+00
-1.615984449880583984e+00
-1.616173939703332785e+00
-1.616250164286882507e+00
-1.616278268819014929e+00
-1.616293390561230003e+00
-1.616303682817233245e+00
-1.616307298023103911e+00
-1.616308731863978831e+00
-1.616308731863978609e+00
