1.000000000000000000e+00
6.400000000000000000e+01
1.360000000000000000e+02
2.080000000000000000e+02
2.800000000000000000e+02
3.520000000000000000e+02
4.240000000000000000e+02
4.960000000000000000e+02
5.680000000000000000e+02
6.400000000000000000e+02
7.120000000000000000e+02
7.840000000000000000e+02
8.560000000000000000e+02
9.280000000000000000e+02
1.000000000000000000e+03
1.072000000000000000e+03
1.144000000000000000e+03
1.216000000000000000e+03
1.288000000000000000e+03
1.360000000000000000e+03
1.432000000000000000e+03
1.504000000000000000e+03
1.576000000000000000e+03
1.648000000000000000e+03
1.720000000000000000e+03
1.792000000000000000e+03
1.863000000000000000e+03
