2.347788268966841674e+00 4.615940785155644654e+00 8.819926242596840993e+00 5.314603982788000280e+00 6.103533128047066575e-02 5.951963693069261402e-02 2.325861332188816633e-03 7.099716804074349130e-02 9.075617577152871041e-02 8.862510657117950164e-02 7.835933361059244789e-03 6.629450566377645404e-02 9.614172211751985386e-02 1.799939347708946411e-02 3.577654165790783436e-02 9.782931727054768045e-02 2.734670889117477716e-02 4.126612301889349965e-02 1.459283043667315531e-02 9.000591423887673026e-02
2.104161491198550671e-01 9.993457070960729993e+00 9.585286602543339640e+00 9.884149353638392199e+00 1.229947240504286601e+05 -3.091222953815430083e+04 -2.041529025402796469e+04 -2.084967084835030983e+04 -7.918731407028649119e+04 -8.330164486416841100e+04 -3.550652326186617574e+04 1.210504516104603535e+05 -1.528429983116723015e+05 8.829266603658867825e+04 -7.565044502298432053e+04 -8.345688606485206401e+04 1.130921128527010587e+05 -4.944403271057251550e+04 -5.084844875758479611e+04 2.629969854957845746e+04
0.000000000000000000e+00 1.000000000000000000e+01 1.000000000000000000e+01 9.715865826718518505e+00 1.213789766502802493e+06 -3.142414535125226830e+05 -2.030937592506068177e+05 -3.298345272675959131e+04 -5.800878500069214497e+05 -1.079429539908986073e+06 -8.988931705490178429e+05 1.092693987469608430e+06 -1.722085943511900026e+06 5.328952315502184210e+05 -8.842244812674332643e+05 -3.477861330338289845e+05 7.988414504962458741e+05 -6.018139215365134878e+05 -5.496182289107687538e+05 5.350228134032165399e+05
0.000000000000000000e+00 1.000000000000000000e+01 0.000000000000000000e+00 0.000000000000000000e+00 1.368329070748961687e+09 -4.198512329060069919e+08 -2.542171546786054075e+08 -9.894698573324581981e+07 -7.808988489000741243e+08 -1.300665241271228552e+09 -1.111698471602347851e+09 1.304392923893849134e+09 -2.018846576037899494e+09 5.601921360224853754e+08 -1.066199675458532095e+09 -4.928186724555253386e+08 9.079809739988210201e+08 -7.788368451918897629e+08 -6.575003232443523407e+08 5.722287949132442474e+08
0.000000000000000000e+00 1.000000000000000000e+01 1.000000000000000000e+01 1.000000000000000000e+01 -4.706506421841932461e+06 -4.161087717798073310e+06 -5.440945300958234817e+06 -2.145108577606689360e+05 -3.159652314398365095e+06 -3.852332231489145663e+06 -2.034412056365034077e+06 -1.147627523138726130e+06 2.343639645160412416e+06 -2.780082512387707829e+06 -2.478333728711364791e+06 -2.099030772255491000e+06 4.563090548738089390e+06 -2.440947044771481305e+05 -3.515128273567857104e+05 1.114766344127926975e+06
0.000000000000000000e+00 1.000000000000000000e+01 1.000000000000000000e+01 0.000000000000000000e+00 -1.836925634756583348e+07 -7.052731670008370653e+06 -1.274172257928935438e+07 4.184867006501033437e+06 -6.605178682383767329e+06 -6.969346162222985178e+06 -1.489704240409963392e+07 -1.748251042224727944e+07 -3.634490292736417614e+05 8.365550875630174996e+05 2.649174951846704818e+06 -9.515164665948759764e+06 1.551152908510262333e+07 8.356437404246348888e+04 -3.140567296978156664e+05 -5.265696528098225594e+06
1.000000000000000000e+01 1.000000000000000000e+01 0.000000000000000000e+00 1.000000000000000000e+01 -2.529760450358751044e+07 -1.599093943915048987e+07 -8.355118483083175495e+06 3.349328713302784134e+06 -8.080956947908363305e+06 -4.174174397568596527e+06 -7.271933955813258886e+06 -2.156405753240258619e+07 -2.959108356525938492e+06 6.839674247792780399e+06 -4.821594605964872055e+06 3.334347796650886070e+06 1.196894461887472123e+07 -3.865225187832170166e+06 -4.106705117321607657e+06 -1.783686448092850670e+07
0.000000000000000000e+00 0.000000000000000000e+00 1.000000000000000000e+01 0.000000000000000000e+00 -6.041373946461986750e+06 -8.808102613698638976e+06 1.853269723666309845e+06 3.655333061259939568e+05 -5.028801499941906892e+06 3.288946960795172490e+06 -6.909491410669578239e+06 -6.135630074430769309e+06 4.168301077933390625e+06 7.264777508408401161e+06 1.324908789688423276e+06 2.239463253309901804e+06 1.517919210813987534e+06 -5.098496457491709851e+06 4.204369004529948346e+06 -3.076527828761633486e+06
1.000000000000000000e+01 0.000000000000000000e+00 0.000000000000000000e+00 1.000000000000000000e+01 -5.376442636464767158e+06 -1.171195708874199726e+07 -3.898089095098098274e+06 -7.948192082480755635e+06 -2.162149144692663569e+06 2.527423907360269688e+06 -5.141750557317189872e+06 -1.025161980345977470e+07 1.387320818469137186e+06 1.111679227943981998e+07 2.806391026652926579e+06 7.792447862881177571e+05 -4.039926386403390206e+06 -4.623387484512476251e+06 3.821821649606519844e+06 9.069792024247102672e+05
2.349225044406059837e+00 4.638332203779998331e+00 8.799481626313683691e+00 5.321484434331353874e+00 1.272779219684624346e+06 -4.548792972297627712e+05 -2.751074874523917679e+05 -9.648391552691948891e+04 -7.839189058457323117e+05 -1.274044532207711833e+06 -1.116593653714136686e+06 1.213637781676000683e+06 -1.959278852112358203e+06 5.677200755878542550e+05 -1.037565771486764075e+06 -4.844524951987708337e+05 9.120079440851989202e+05 -7.709210313665587455e+05 -6.363602542146709748e+05 5.330955168409891194e+05
