1.970056131382445841e+00
9.763422024759854656e-03
-6.719571973024123235e-01
-8.926672615096503671e-01
-1.222519635384738290e+00
-1.419022771636533120e+00
-1.641308092232416360e+00
-1.778875202520958876e+00
-1.876150923822208050e+00
-1.919905771435638231e+00
-1.924819807338390643e+00
-1.926424522558738861e+00
-1.927151772010408770e+00
-1.927213023496786803e+00
-1.927250420373239015e+00
-1.927279484238297869e+00
-1.927312181449662098e+00
-1.927326167476539842e+00
-1.927329990006797722e+00
-1.927331780556574170e+00
-1.927334770021457810e+00
-1.927339849988956910e+00
-1.927348372268679721e+00
-1.927362080599912986e+00
-1.927382061506720534e+00
-1.927397039379516563e+00
-1.927405505285697096e+00
-1.927410589672114760e+00
-1.927411931675312218e+00
-1.927412174431160530e+00
-1.927412290563784936e+00
-1.927412310943803497e+00
-1.927412322152232793e+00
-1.927412331397823753e+00
-1.927412346083881900e+00
-1.927412370462403990e+00
-1.927412411786653124e+00
-1.927412479445117732e+00
-1.927412573308060484e+00
-1.927412623983594031e+00
-1.927412646742941993e+00
-1.927412650902740721e+00
-1.927412651762298701e+00
