1.603743925278330540e+00
-4.675277338445709141e-01
-9.519304126260119681e-01
-1.219461233811387491e+00
-1.624309439026918378e+00
-1.693775969038477047e+00
-1.809059922183433367e+00
-1.915594358873545566e+00
-1.924786479006357132e+00
-1.926170666699809519e+00
-1.926846863486676220e+00
-1.926976233439486430e+00
-1.927068064171348682e+00
-1.927204548311223231e+00
-1.927321281029640510e+00
-1.927393832712533950e+00
-1.927437838301332640e+00
-1.927449164375699242e+00
-1.927453647989435526e+00
-1.927458117056270348e+00
-1.927465680521926128e+00
-1.927477370460296546e+00
-1.927491295890345402e+00
-1.927510227527384767e+00
-1.927540932529166806e+00
-1.927579372014341264e+00
-1.927595753555187308e+00
-1.927612752060120282e+00
-1.927621280730892783e+00
-1.927636568700001218e+00
-1.927664364918213025e+00
-1.927713282605476142e+00
-1.927783696477160635e+00
-1.927826739054701255e+00
-1.927868753171998240e+00
-1.927906769440091095e+00
-1.927922630678846838e+00
-1.928009699318987469e+00
-1.928158376873394753e+00
-1.928348191618799889e+00
-1.928506100854353145e+00
-1.928744012245549477e+00
-1.928915848112517706e+00
-1.928963370283676593e+00
-1.929022161002601932e+00
-1.929109249923071756e+00
-1.929205154769825459e+00
-1.929234999748693280e+00
-1.929250150301254241e+00
-1.929257903543922792e+00
-1.929267059384041527e+00
-1.929277165442196296e+00
-1.929284251102899139e+00
-1.929290569836937586e+00
-1.929295506080252798e+00
-1.929300524657047156e+00
-1.929307652858530453e+00
-1.929318732967527872e+00
-1.929333935008217038e+00
-1.929345763422425586e+00
-1.929350655543908610e+00
-1.929352638002578946e+00
-1.929354776363630952e+00
-1.929357659677526593e+00
-1.929360279224524355e+00
-1.929361884759385415e+00
-1.929362846224397243e+00
-1.929363951772534058e+00
-1.929365769480378079e+00
-1.929368765899675653e+00
-1.929373362198016029e+00
-1.929378067869599978e+00
-1.929380600815594704e+00
-1.929381533837687401e+00
-1.929381841555973143e+00
-1.929382355419561934e+00
-1.929383224046245182e+00
-1.929384639140490521e+00
-1.929386574816695621e+00
-1.929387570697932430e+00
-1.929387991271910074e+00
-1.929388074181155321e+00
-1.929388115638669632e+00
-1.929388184275740548e+00
-1.929388299673172380e+00
-1.929388487516355166e+00
-1.929388759734053993e+00
-1.929388979604939491e+00
-1.929389143296295739e+00
-1.929389219784408693e+00
-1.929389270954677160e+00
-1.929389352969766547e+00
-1.929389489030022720e+00
-1.929389711490856030e+00
-1.929390025608762382e+00
-1.929390210786644300e+00
-1.929390288960320499e+00
-1.929390311589532780e+00
-1.929390332600450897e+00
-1.929390369398427785e+00
-1.929390435136804527e+00
-1.929390550449040731e+00
-1.929390741634160245e+00
-1.929391001286151486e+00
-1.929391130129068488e+00
-1.929391203453877601e+00
-1.929391217790372925e+00
-1.929391221988066896e+00
-1.929391229094507665e+00
-1.929391241835909598e+00
-1.929391265191819693e+00
-1.929391308232992319e+00
-1.929391387069407049e+00
-1.929391527302394715e+00
-1.929391763543476079e+00
-1.929392122211893490e+00
-1.929392502346867211e+00
-1.929392894364758693e+00
-1.929393209222432626e+00
-1.929393265174989880e+00
-1.929393269683342238e+00
-1.929393272949935456e+00
-1.929393278299612380e+00
-1.929393287636000043e+00
-1.929393304170983425e+00
-1.929393332619754542e+00
-1.929393377309253532e+00
-1.929393424692065873e+00
-1.929393450033567881e+00
-1.929393467545255980e+00
-1.929393472401248255e+00
-1.929393476238640215e+00
-1.929393482829444562e+00
-1.929393494622515748e+00
-1.929393515917952939e+00
-1.929393554215225182e+00
-1.929393621356654931e+00
-1.929393735235516827e+00
-1.929393916053160574e+00
-1.929394168656343389e+00
-1.929394382128728269e+00
-1.929394549988194596e+00
-1.929394593203225483e+00
-1.929394598275523842e+00
-1.929394600374224833e+00
