1.973972596772301635e+00
1.093557570910195231e+00
5.736778321197517905e-02
-2.137766130466227654e-01
-3.849932136457692167e-01
-4.507144215672876930e-01
-5.091781953822384077e-01
-5.854850777105296000e-01
-7.687723296604734857e-01
-7.895180703755524387e-01
-8.216471023264296791e-01
-8.583391815707652750e-01
-8.845896685835584750e-01
-9.058369637471805902e-01
-9.125649171287020245e-01
-9.195633738926957124e-01
-9.347940666996759074e-01
-9.455451690006395626e-01
-9.574797845123559359e-01
-9.627924509867858971e-01
-9.721907306100348034e-01
-9.782741314535786659e-01
-9.857711990249908851e-01
-9.958577761543510043e-01
-9.935017315354504053e-01
-1.008956732487037877e+00
-1.014390516464155345e+00
-1.018692111644921017e+00
-1.020621892594447688e+00
-1.023332664219307908e+00
-1.025745384138585292e+00
-1.027503971255647519e+00
-1.029968649367449141e+00
-1.030378257379216178e+00
-1.030610956388052779e+00
-1.030828261650821087e+00
-1.031693577626010550e+00
-1.032631929623005984e+00
-1.034254638313545804e+00
-1.035859186093290196e+00
-1.037519617366490232e+00
-1.038281378765588903e+00
-1.039510897570212755e+00
-1.040142947023657172e+00
-1.041063954573835604e+00
-1.042302173082275685e+00
-1.044076319638921335e+00
-1.045158687084589921e+00
-1.045806479255494859e+00
-1.046343500259073966e+00
-1.047131535044679929e+00
-1.048373562780026136e+00
-1.049171630994214732e+00
-1.050606329332997024e+00
-1.052001686507416212e+00
-1.053375066510316538e+00
-1.054252375810717401e+00
-1.054695711421287374e+00
-1.054870966063109705e+00
-1.055539697044883818e+00
-1.055671018014084250e+00
-1.055760836163428973e+00
-1.055816831076566320e+00
-1.055864765643808934e+00
-1.055941469893578510e+00
-1.056017601230686553e+00
-1.056072361475723032e+00
-1.056107162508308939e+00
-1.056132679150840747e+00
-1.056166258615870657e+00
-1.056229458523859854e+00
-1.056331315342016852e+00
-1.056442050080672379e+00
-1.056517948692645037e+00
-1.056550198797501672e+00
-1.056563914263845216e+00
-1.056578866510309300e+00
-1.056599546482172691e+00
-1.056633340354030226e+00
-1.056683318745325506e+00
-1.056730725369217083e+00
-1.056783250798109197e+00
-1.056821955419409376e+00
-1.056850293569369104e+00
-1.056866758324261690e+00
-1.056879043818051089e+00
-1.056894865282651752e+00
-1.056907399875343545e+00
-1.056918979221864507e+00
-1.056933782240268682e+00
-1.056959241396635107e+00
-1.057046015164655461e+00
-1.057098862119428828e+00
-1.057047962560123899e+00
-1.057220598355751218e+00
-1.057387019090904046e+00
-1.057198037108197264e+00
-1.043060981163908219e+00
-1.056857760566397575e+00
-1.056201337312682620e+00
-1.058576915731739732e+00
