1.996523923145593127e+00
1.600527190385315768e+00
3.581273528852432220e-01
1.003171711354141848e+00
-3.665323916601964105e-01
-3.840503354312282958e-01
-3.899544236310033551e-01
-4.029865280349306245e-01
-3.976236815758494303e-01
-4.226125976626656788e-01
-4.391373375376614874e-01
-4.609376766555484117e-01
-3.994202285527034268e-01
-4.753542094831646470e-01
-5.075814282978479142e-01
-5.279962207225976645e-01
-5.429078002063085773e-01
-5.518874017796117082e-01
-5.643963644856514472e-01
-5.759442923494737521e-01
-5.950782880580381962e-01
-1.086161378712431902e-01
-5.038710507331509852e-02
-6.424414530687799774e-01
-6.530020674317135176e-01
-6.589642710661349767e-01
-6.635125275530391331e-01
-6.725601027713359326e-01
-6.764372903857206465e-01
-6.808700761474792973e-01
-6.861698654274475118e-01
-6.941789761926052682e-01
-6.962462166911541628e-01
-7.022002022757748430e-01
-7.076040946989088365e-01
-7.102534064347784115e-01
-7.113061734084695775e-01
-7.118913102453442443e-01
-7.120923617103628311e-01
-7.122376919647365190e-01
-7.122877569285271937e-01
-7.123387243780487932e-01
-7.123784970123734350e-01
-7.123968864813990942e-01
-7.124005546507408138e-01
-7.124019104253900281e-01
-7.124041004757259987e-01
-7.124068185750045412e-01
-7.124087489999578748e-01
-7.124094849252518014e-01
