1.847595040012942058e-01
-1.749199106496092393e-01
-2.954068104091022162e-01
-4.349305018494294961e-01
-3.542129319718637093e-01
-7.084073422062461267e-01
-3.467757932531896348e-01
-8.260305667186726986e-01
-8.823849892843390608e-01
-9.294138872475408153e-01
-9.293750318347318018e-01
-9.912801374652966402e-01
-9.558665996489937866e-01
-1.048760420291574569e+00
-1.070373562037226112e+00
-1.094994721581183716e+00
-1.118254918066055037e+00
-1.140050371054529998e+00
-1.171043130033061930e+00
-1.183402411537513910e+00
-1.199438278791311374e+00
-1.208592525398935802e+00
-1.219739224979911274e+00
-1.227091411366671103e+00
-1.232623144306711938e+00
-1.235898778861857394e+00
-1.239582789366969306e+00
-1.243598029811027628e+00
-1.246935225538685410e+00
-1.253391762252200170e+00
-1.256835500621395152e+00
-1.262493602518448776e+00
-1.266963857194016940e+00
-1.274140089263543940e+00
-1.267230669274614474e+00
-1.288365120747294812e+00
-1.297238803050609013e+00
-1.301620999357744335e+00
-1.309980376769756871e+00
-1.314218667493996850e+00
-1.319513322227763963e+00
-1.327873627386679578e+00
-1.333742009526490913e+00
-1.338404227920392930e+00
-1.344047757574290403e+00
-1.347280790910789339e+00
-1.353003500954850225e+00
-1.357445290248947556e+00
-1.361434765700615612e+00
-1.368694760920731390e+00
-1.375153914735119276e+00
-1.387796930441959065e+00
-1.405344032135364518e+00
-1.413758576585506521e+00
-1.414406748156036286e+00
-1.426363196673459122e+00
-1.441347563622584982e+00
-1.449908244956368941e+00
-1.455927137294454665e+00
-1.459347247609301679e+00
-1.463440803020815473e+00
-1.467175327988200717e+00
-1.468959730589423529e+00
-1.470738571551930995e+00
-1.472857653272191758e+00
-1.474123379155806379e+00
-1.475820488443801981e+00
-1.476830606169747373e+00
-1.477734257652786098e+00
-1.479094593775228006e+00
-1.482754379130686750e+00
-1.484074490552144354e+00
-1.490509849873086434e+00
-1.492975984358723140e+00
-1.497520930328691158e+00
-1.499235506509148941e+00
-1.500815520591164631e+00
-1.502489103945592985e+00
-1.505579825996151921e+00
-1.508945406816298185e+00
-1.513139769654739730e+00
-1.515453241401202300e+00
-1.519140528025543446e+00
-1.518425732217610236e+00
-1.525059917104433893e+00
-1.527897339679486599e+00
-1.530638370975344387e+00
-1.534364145830716897e+00
-1.536983386210220903e+00
-1.539817084871323960e+00
-1.542522815612711318e+00
-1.545634258586964904e+00
-1.548133688664586449e+00
-1.551174251281014493e+00
-1.554072384294267195e+00
-1.556581984247024764e+00
-1.556366999556034525e+00
-1.558513614675579584e+00
-1.559748492864759584e+00
-1.560497701904428380e+00
-1.560497701904428602e+00
