1.973357964845913415e+00
1.611523864563525033e+00
1.851014354271905138e-01
-1.114114355253936345e-01
-2.274548997049226362e-01
-3.522517351863028168e-01
-5.773320113871073245e-01
-6.140407935900987768e-01
-7.618794131089986488e-01
-8.405017124531521944e-01
-9.472520794162492264e-01
-1.024259926832802758e+00
-1.025206026750777211e+00
-1.132335233210221226e+00
-1.177579749765248263e+00
-1.229440643439933201e+00
-1.268125776235308422e+00
-1.278965975686309209e+00
-1.286699200610606608e+00
-1.291607943761759136e+00
-1.295270833345389061e+00
-1.298298017211260369e+00
-1.302034933132976802e+00
-1.304614953059495486e+00
-1.307412770701734228e+00
-1.309906093398507387e+00
-1.311360598432350644e+00
-1.312521003191235103e+00
-1.314842945139798047e+00
-1.317563745188563784e+00
-1.322406135769399027e+00
-1.324665661478753753e+00
-1.327133681150050037e+00
-1.329588402909014810e+00
-1.331136887002419611e+00
-1.333035539347324105e+00
-1.334126383161551077e+00
-1.335809624832955622e+00
-1.337284848965999196e+00
-1.339184667847870713e+00
-1.341172971814885040e+00
-1.342804250632628982e+00
-1.345655942182343745e+00
-1.350578093177330352e+00
-1.357710344291483517e+00
-1.364103231435520813e+00
-1.366558905289346315e+00
-1.370501729782439559e+00
-1.373138437088938124e+00
-1.375386059759081903e+00
-1.377643783601811167e+00
-1.381557812662332907e+00
-1.237895749779351906e+00
7.653682724852117758e-02
-1.391114822908250614e+00
-1.396074128637816436e+00
-1.388701330597082340e+00
-1.414944581423371872e+00
-1.423158448890775807e+00
-1.431459317682007182e+00
-1.432454343960269938e+00
-1.435880337104293414e+00
-1.439502482687560647e+00
-1.441229975384314743e+00
-1.442216885477953348e+00
-1.443238827163580096e+00
-1.444077712039442574e+00
-1.444935794217701686e+00
-1.445904056588996678e+00
-1.446906687283515236e+00
-1.447767429258309368e+00
-1.448659071365118844e+00
-1.447967666614345061e+00
-1.450610564943560998e+00
-1.451824612247456514e+00
-1.451573550239200427e+00
-1.453280499285413363e+00
-1.453752834905573721e+00
-1.453884925212675316e+00
-1.454114068807091043e+00
-1.454252429165934446e+00
-1.454634042300915420e+00
-1.455031912629344504e+00
-1.455338636083439496e+00
-1.455471668530588625e+00
-1.455528053915202236e+00
-1.455581204700328479e+00
-1.455644034222443928e+00
-1.455725035841168413e+00
-1.455798530637044230e+00
-1.455840243174934656e+00
-1.455855965503593419e+00
-1.455864707253125889e+00
-1.455873866850603271e+00
-1.455881364004323997e+00
-1.455884982098711422e+00
-1.455886880553666440e+00
-1.455888496540419741e+00
-1.455889682754641701e+00
-1.455889682754641479e+00
