1.902928079425992181e+00
-1.341631775080616429e-01
5.347965735354317518e-01
-2.598650362171597838e-01
-3.321769130444480744e-01
-3.727110304102866367e-01
-4.020508657758826709e-01
-4.371499188779570666e-01
-4.044129726525311774e-01
-4.938598741466571629e-01
-5.092091200618269475e-01
-5.184391855027153939e-01
-5.253938586564403934e-01
-5.426563674272234516e-01
-6.070030331388054368e-01
5.172057030327978366e-02
-6.435848689657723831e-01
-6.561239270151992820e-01
-6.793397398265043075e-01
-7.094627388611206564e-01
-7.151499727774582871e-01
-7.258695771852883283e-01
-7.427224818912208093e-01
-7.506409862148936130e-01
-7.550476112557302777e-01
-7.598956699958505645e-01
-7.618869695320963364e-01
-7.637249445609956000e-01
-7.670811637233689861e-01
-7.707373952487693858e-01
-7.797934133360723274e-01
-7.848453141506716024e-01
-7.936514267199410444e-01
-8.012431825621624260e-01
-8.090207667726990737e-01
-8.124290199396100309e-01
-8.149255305632190360e-01
-8.178191978458045908e-01
-8.187391451406592635e-01
-8.197219841529589379e-01
-8.205121724152457663e-01
-8.223561104922390008e-01
-8.254120649946459221e-01
-8.280367470672878039e-01
-8.322329161975731138e-01
-8.440149926338454955e-01
-8.609349696334878121e-01
-6.783156215034292780e-01
-8.599726718214988352e-01
-8.880416001872868392e-01
-8.961409109182500998e-01
-9.052535747353493978e-01
-9.101437303326536110e-01
-9.156892696097566064e-01
-9.182996020816047711e-01
-9.192978622167102820e-01
-9.221162104637937729e-01
-9.231127856499570239e-01
-9.254135244855172804e-01
-9.321935799119601684e-01
-9.368666524151983976e-01
-9.439521711171499074e-01
-9.356058380059906199e-01
-9.584835333029700921e-01
-9.619313216039125924e-01
-9.729943381083701048e-01
-9.784266537608973247e-01
-9.909944150403219298e-01
-9.912167619692793252e-01
-1.000471926980939674e+00
-1.007328293944181441e+00
-1.016144841195223636e+00
-1.026498858721191176e+00
-1.039699463780592303e+00
-1.047888407731443872e+00
-1.049215370632643918e+00
-1.060935282884190034e+00
-1.067112433520537085e+00
-1.070467019788064134e+00
-1.075007512989621716e+00
-1.077568115298049856e+00
-1.080700298606435128e+00
-1.082695535675765042e+00
-1.086941770301224963e+00
-1.089789407063211257e+00
-1.090870290428376466e+00
-1.092115281194399934e+00
-1.093671025258124541e+00
-1.094821634139781619e+00
-1.096835544877171831e+00
-1.098415901955441587e+00
-1.099356938677549689e+00
-1.100133057768471145e+00
-1.101231977086877478e+00
-1.102252796795714973e+00
-1.103305077074184126e+00
-1.104581700764454499e+00
-1.106828876369554404e+00
-1.108851876711205886e+00
-1.110311949448808511e+00
-1.110311949448808289e+00
