9.299539852270066742e-01 2.579844685325702436e+00 4.330763456438647019e+00 1.620265054499762103e+00 1.917698883473259105e-02 3.268320093437038394e-03 5.621356597781401732e-02 1.273875602108731631e-02 5.890778516341868554e-02 6.345024447702177217e-02 4.319271470775080252e-02 7.130166759239531769e-03
9.291679489740312103e-01 2.577223511467059858e+00 2.973950229590298200e+00 2.973950229590298200e+00 1.102641215270696307e-01 -3.593076395006576662e-02 1.840007685744784460e-01 1.348771818501248720e-02 1.556893966059846035e-01 1.485519979503036325e-01 8.672204639186334441e-02 1.011744348904956292e-01
9.262893024739665693e-01 2.478735401993731546e+00 2.478735401993731546e+00 3.602708967633587278e+00 5.734372599911954360e-01 -1.581305425522503416e-01 6.367042718034092719e-01 1.168344011185087628e-01 5.129017212454625163e-01 4.264721632741805823e-01 3.797908928650504112e-01 3.579347856620513912e-01
8.373939861188672840e-01 1.829576152084075424e+00 1.829576152084080309e+00 4.999999999999996447e+00 3.492845385320070495e+00 -6.529069553883366517e-01 3.475469606260063848e+00 8.310899632306353313e-01 2.754775751258861760e+00 1.837772544742239500e+00 1.847941563261764175e+00 1.268205504745800294e+00
9.199472181866070741e-01 1.799409604749682812e+00 2.723434468258476571e+00 4.239912835885386144e+00 3.082937490601748820e+00 -7.584816739366374572e-01 3.229789734367241927e+00 9.784864275237245002e-01 2.547887324798664199e+00 1.714982559348148694e+00 1.772802334658966306e+00 1.056027610202862732e+00
8.648575151953271645e-01 1.548525948403665309e+00 2.650611016628192651e+00 4.140124010001451360e+00 2.890540593432302963e+00 -1.073138560686841769e+00 3.117083021810261201e+00 1.243549214686652249e+00 2.428416375501704305e+00 1.762612934511894380e+00 1.798912361183929942e+00 9.224670140091251191e-01
7.895982505162272291e-01 1.528616893142303867e+00 2.650707555118903880e+00 4.147323409792663895e+00 3.139985390167128632e+00 -1.130363958227954768e+00 3.269393044430128459e+00 1.217826553675321888e+00 2.623082685072807507e+00 1.945322954981857144e+00 1.843490687676827111e+00 9.453396033943501919e-01
6.315101414575974292e-01 1.440867447511537724e+00 2.797281603659396154e+00 3.992740306772551762e+00 3.241843399763085554e+00 -1.165608204455613528e+00 3.318515083718304837e+00 1.219836830055345489e+00 2.831802641128545073e+00 2.161787647784807032e+00 1.855232391813579795e+00 8.526248215925563700e-01
4.119758844870376469e-01 1.334661929477723552e+00 3.027932437560178158e+00 3.906191620461764380e+00 3.255012847472045223e+00 -1.288274026393694482e+00 3.398415841691698969e+00 1.273516896098500384e+00 3.111387429541251137e+00 2.397021042575148364e+00 1.895535991763454220e+00 7.208928433954587822e-01
2.745600050817914584e-02 1.003950330123790202e+00 3.652905909456044320e+00 3.652905909456044320e+00 3.242070553206447325e+00 -1.593492404191973133e+00 3.595930639711570898e+00 1.410074242448881465e+00 3.597040933451228550e+00 2.841200254492342481e+00 2.058899825309399745e+00 4.387988787643961053e-01
2.463681819466563006e-01 1.194747165634441055e+00 3.286049211037582296e+00 3.848561390500067514e+00 3.153396827093019272e+00 -1.403250181238618222e+00 3.475489366396062429e+00 1.279071799551656508e+00 3.321572290849033493e+00 2.600736501664648870e+00 2.004162536271090200e+00 5.802223176725324061e-01
3.103900085006565113e-01 1.182631408308505661e+00 3.301130032388909896e+00 3.850047470662786964e+00 3.085683583359684956e+00 -1.424320124930568365e+00 3.496997899562901413e+00 1.276100445628546964e+00 3.280575441836840689e+00 2.622694790822024391e+00 2.067816410442528507e+00 5.735671532054941180e-01
9.163598267079879900e-01 1.233015223318883580e+00 3.209044078336891648e+00 4.106410678643062084e+00 2.520705902079285465e+00 -1.496415496425859581e+00 3.712191066080938295e+00 1.170817534672836446e+00 2.912934110668218057e+00 2.839319202556900734e+00 2.623983497811610555e+00 5.726902318661213354e-01
1.142794299764338994e+00 1.142794299764338772e+00 3.413257184420678936e+00 4.149263522665885162e+00 2.235806629844653060e+00 -1.651671753031701328e+00 3.963919703925441684e+00 1.140005029689185045e+00 2.923790626534080506e+00 3.337888764511418138e+00 3.071534659309694160e+00 4.292311843787099956e-01
8.220507828698082609e-01 1.117265934982587305e+00 3.383854679178733615e+00 3.980407442065036161e+00 2.567385157750152747e+00 -1.623645541838695472e+00 3.823276927368771450e+00 1.245096631197484038e+00 3.111616121132140922e+00 3.355554281086199353e+00 2.772881721544435685e+00 4.248220559622913894e-01
1.055649691308954363e+00 1.151923977827269852e+00 3.174258105982995293e+00 4.155635350475082923e+00 2.538116328789594256e+00 -1.622980646707795405e+00 3.879681437590492443e+00 1.288904095582067200e+00 3.033388389949831510e+00 3.564551495162568084e+00 2.891547595113837410e+00 4.103590149310751278e-01
1.083017798084098260e+00 1.193807074238068422e+00 3.239416856669231848e+00 4.054233600840743357e+00 2.578707344588177630e+00 -1.547391261215861347e+00 3.804574130477476945e+00 1.277993119308934444e+00 2.983628994869252704e+00 3.457163704619585776e+00 2.762587476928556107e+00 4.363397680741728513e-01
1.032822646398152910e+00 1.174083184673918145e+00 3.230923678608273786e+00 4.121092323979715921e+00 2.626560905400861845e+00 -1.508687490398406217e+00 3.767217287261462655e+00 1.279863943101413604e+00 3.040127011101911414e+00 3.431546918290004466e+00 2.679287154796315296e+00 4.500293627875153191e-01
1.086635023091746310e+00 1.151831913164617971e+00 3.219068932156229135e+00 4.147999339982957778e+00 2.598080203449102843e+00 -1.471438431255255530e+00 3.739936145048313954e+00 1.280662912722485558e+00 3.065778099930434042e+00 3.510138682382183184e+00 2.666580021375309251e+00 4.384287304513233008e-01
1.145462587293665457e+00 1.145462587293665457e+00 3.181516558401974226e+00 4.170827997100733597e+00 2.601400114645889161e+00 -1.370037192674273818e+00 3.635494064161902461e+00 1.287982434108264629e+00 3.119274158577529210e+00 3.544711158539240348e+00 2.556328628673345094e+00 4.520482431073958307e-01
1.169020606671040019e+00 1.169020606671040019e+00 3.173651048287094323e+00 4.178213305500986685e+00 2.594995289213634315e+00 -1.340849809619704125e+00 3.581221781013896432e+00 1.301274409878704130e+00 3.139112230101376966e+00 3.528351331558170489e+00 2.520943995284593342e+00 4.736534118622600098e-01
1.201482698384836789e+00 1.201482698384836789e+00 3.156746040020979471e+00 4.179509360475816671e+00 2.574525253686642312e+00 -1.318252889640154857e+00 3.496744010997166363e+00 1.336617561920883546e+00 3.190904354949285260e+00 3.516198214979223025e+00 2.506519657303329929e+00 5.177428818775058339e-01
1.215614362138306648e+00 1.215614362138306426e+00 3.155668856022087354e+00 4.186055854998508963e+00 2.576348488687097316e+00 -1.316241166456569855e+00 3.452514986115677864e+00 1.367193448793268207e+00 3.225350724600766217e+00 3.517893061807419119e+00 2.520705240450945794e+00 5.469157517618390418e-01
1.219236048702097008e+00 1.219236048702096786e+00 3.153280022245706249e+00 4.196622323169947322e+00 2.592364475985208472e+00 -1.310586978906412847e+00 3.412747692353871543e+00 1.394187552879718961e+00 3.251225531440963046e+00 3.515058147895917529e+00 2.542214372697333857e+00 5.722598599352011206e-01
1.219160141389773244e+00 1.219160141389773244e+00 3.153435278385490648e+00 4.209498570668248618e+00 2.614022986995097497e+00 -1.296315558043794169e+00 3.378803284949183805e+00 1.411333291761583508e+00 3.257771813052139365e+00 3.507099699881573773e+00 2.556473224824849844e+00 5.873024937777058252e-01
1.218156381533544774e+00 1.218156381533544774e+00 3.151769176349310086e+00 4.220221861026210775e+00 2.633798351262067960e+00 -1.276460513852992085e+00 3.349814843104311546e+00 1.421977919104257637e+00 3.252154635533314853e+00 3.497704833255693480e+00 2.565095686650455509e+00 5.957084018718026286e-01
1.218242325539880433e+00 1.218242325539880433e+00 3.151557834747505282e+00 4.222126977261972058e+00 2.639466181578413284e+00 -1.267056130524367497e+00 3.342410031785208346e+00 1.424902763034100239e+00 3.246029110240360893e+00 3.495936172988270307e+00 2.566730865720719290e+00 5.969312815337003419e-01
1.218130114910004336e+00 1.218130114910004336e+00 3.152177306166714210e+00 4.221248485917017845e+00 2.638901295560819538e+00 -1.263346584831114505e+00 3.343569375142334099e+00 1.425918156446517315e+00 3.242303930657202571e+00 3.496993340554054530e+00 2.568394373392735908e+00 5.971164730785225583e-01
1.217696495798916034e+00 1.217696495798916034e+00 3.154611746807303163e+00 4.219187873116964305e+00 2.635596637465168257e+00 -1.258308251323534188e+00 3.348252318430874119e+00 1.428077232359909576e+00 3.237795027163666628e+00 3.500453989298300872e+00 2.571809883125591778e+00 5.982778262073812359e-01
1.216901035321079627e+00 1.216901035321079627e+00 3.158062403845419031e+00 4.217275601267527207e+00 2.630713737964485599e+00 -1.253058379720604298e+00 3.354389829847287618e+00 1.431416799180697863e+00 3.234283056063919304e+00 3.505481031036195461e+00 2.576371828937853881e+00 6.012716805568811829e-01
1.216221597507334939e+00 1.216221597507334939e+00 3.160995323032822490e+00 4.216696808692539378e+00 2.626884069663298682e+00 -1.249050838385388218e+00 3.358382549611562240e+00 1.434791015442374862e+00 3.232863089865226858e+00 3.509936481336919822e+00 2.579741850775358891e+00 6.056630446385572464e-01
1.216004190921741612e+00 1.216004190921741612e+00 3.162119369415917980e+00 4.217305727851432096e+00 2.625542932910670313e+00 -1.247271017915765556e+00 3.358970848617499616e+00 1.436490232672285261e+00 3.232641756698357405e+00 3.512039007756554643e+00 2.580693126250660718e+00 6.095603249647341126e-01
1.216064064549392754e+00 1.216064064549392754e+00 3.162538126966975671e+00 4.218321398924949506e+00 2.625140098726030935e+00 -1.246125648339119873e+00 3.358127680762708067e+00 1.437099756948724050e+00 3.232074399574746515e+00 3.513302141856068594e+00 2.580559951249327799e+00 6.137497638273610168e-01
1.216320184027901874e+00 1.216320184027901874e+00 3.162767630661461826e+00 4.219548615975756256e+00 2.624815795110289951e+00 -1.244841576335312894e+00 3.356570791291585643e+00 1.436650523328598217e+00 3.230229557609817004e+00 3.514612160454873013e+00 2.580084663687181479e+00 6.192916720173796685e-01
1.216655911902615905e+00 1.216655911902615905e+00 3.163060434473692339e+00 4.220414793618455285e+00 2.624111125916013254e+00 -1.243512100149996025e+00 3.355211301379197764e+00 1.434922920410918179e+00 3.227040465652845302e+00 3.516110076773730775e+00 2.579969776896136047e+00 6.249365622605153048e-01
1.216849840341400757e+00 1.216849840341400757e+00 3.163483035701201374e+00 4.220462714996068954e+00 2.623009599020056815e+00 -1.242683252203522049e+00 3.354976733908143771e+00 1.432698280879298292e+00 3.224021040947842032e+00 3.517455417266967199e+00 2.580694381325684184e+00 6.282308973889030312e-01
1.216844302855303983e+00 1.216844302855303983e+00 3.163859310487726617e+00 4.220056693153990679e+00 2.622078772222778298e+00 -1.242543172409255936e+00 3.355558997720989645e+00 1.431272373718381452e+00 3.222695312788594890e+00 3.518238663597915483e+00 2.581737936928959254e+00 6.287421516736914073e-01
