1.705585192814373263e+00
1.887723944012676403e-01
4.865400964684568619e-02
-2.230561225102737910e-01
-9.482325463563318069e-02
-7.544630632779658619e-02
-4.656601884265874070e-01
-4.251229391665886648e-01
-4.685062037457287110e-01
-1.467793452596243553e-01
-1.150968300807634126e+00
-1.230077122302576154e+00
-1.288521839700666138e+00
-1.292707393818634642e+00
-1.311987553922072891e+00
-1.369367351897207818e+00
-1.426116747345742564e+00
-1.455773303578536737e+00
-1.478266672397981818e+00
-1.509109043301892328e+00
-1.531797293491152567e+00
-1.553224385179173384e+00
-1.580431172162752862e+00
-1.599704527943086152e+00
-1.628965213381943666e+00
-1.641856522111121652e+00
-1.667569101247518004e+00
-1.682538345176613381e+00
-1.693406754177334550e+00
-1.713191078084129515e+00
-1.722893594973667231e+00
-1.741705199726788944e+00
-1.750359503955564833e+00
-1.758681338418429663e+00
-1.767214659616656913e+00
-1.773476770684339732e+00
-1.778516659060550786e+00
-1.781868976892711620e+00
-1.784009714508689726e+00
-1.786051865626351542e+00
-1.788143087456502744e+00
-1.789833276688547414e+00
-1.790941191376676844e+00
-1.791534166454743726e+00
-1.792303484261296598e+00
-1.793371624981431989e+00
-1.793884270051089080e+00
-1.794590824278497365e+00
-1.795014059641685034e+00
-1.795471313919413836e+00
-1.795783044630121505e+00
-1.795941661760151131e+00
-1.796070235956346295e+00
-1.796230368419034384e+00
-1.796408644964109458e+00
-1.796572240279267652e+00
-1.796720727967163533e+00
-1.796890921980860867e+00
-1.797115497895419356e+00
-1.797360026525991472e+00
-1.797653632689194536e+00
-1.797858944899262568e+00
-1.798087309888452223e+00
-1.798307146739361428e+00
-1.798543207732124394e+00
-1.798820133470591331e+00
-1.799169392872147943e+00
-1.799771833517760156e+00
-1.800650623901829617e+00
-1.801998000263499433e+00
-1.802595828871798700e+00
-1.803755446309285304e+00
-1.805587892474306067e+00
-1.807583700852722242e+00
-1.808502119653224050e+00
-1.809177401747561698e+00
-1.810172740810747527e+00
-1.811175289443315295e+00
-1.811554688434144023e+00
-1.812064242370040823e+00
-1.812658701711696629e+00
-1.813219207952849077e+00
-1.813929366128885778e+00
-1.814698605132673448e+00
-1.815359210719432070e+00
-1.816009287044786813e+00
-1.816730483082761527e+00
-1.817691768061992397e+00
-1.818121194706463939e+00
-1.818453617781564891e+00
-1.818670305693255163e+00
-1.818828485425473485e+00
-1.818938074473483324e+00
-1.818997883569016150e+00
-1.819057691933090748e+00
-1.819100512911150380e+00
-1.819127819091420628e+00
-1.819146269892571777e+00
-1.819174211075151204e+00
-1.819189560849059584e+00
-1.819189560849059362e+00
