-2.278527972981435612e-01
-3.076353972117946145e-01
6.825778967161688637e-03
-5.533406937752715082e-01
-4.454660199609151716e-01
-6.975338676502450541e-01
-7.896652187244913579e-01
-8.740879269734302959e-01
-9.116274510744363235e-01
-9.399073884328528194e-01
-9.950428593355017393e-01
-1.030464646695214093e+00
-1.056429690174919722e+00
-1.076613593323345830e+00
-1.093856986252079500e+00
-1.106164040915311286e+00
-1.120241026186088673e+00
-1.129532526349889432e+00
-1.137206958005943847e+00
-1.149437372359456644e+00
-1.161493859493153646e+00
-1.185673676370703200e+00
-1.211956827206253084e+00
-1.234412690578734484e+00
-1.267902077714822884e+00
-1.291882272597031145e+00
-1.303482259882474015e+00
-1.316211351698368670e+00
-1.320118292395696225e+00
-1.325548531032825883e+00
-1.330435392076141143e+00
-1.333874437347670749e+00
-1.339165474384590437e+00
-1.341888825418858122e+00
-1.343184836634480073e+00
-1.343906094221943848e+00
-1.344709123688794472e+00
-1.345301232711259010e+00
-1.345824845438619022e+00
-1.346409199228951747e+00
-1.347057230730466015e+00
-1.347837858202658667e+00
-1.348736399870733349e+00
-1.349312453664420985e+00
-1.349542604269501789e+00
-1.349686692877782423e+00
-1.349729904706063133e+00
-1.349736799747534022e+00
-1.349740407091772676e+00
-1.349746036025708751e+00
-1.349754139574336875e+00
-1.349760249622986796e+00
-1.349767578342386809e+00
-1.349777056919225116e+00
-1.349790904458025631e+00
-1.349809948980316809e+00
-1.349841747787809298e+00
-1.349907981071667207e+00
-1.349973988024106175e+00
-1.350149097143400923e+00
-1.350541080124147975e+00
-1.343853219578859504e+00
-1.350687937703440422e+00
-1.351038917143384754e+00
-1.351142650213514429e+00
-1.351359980196776833e+00
-1.351860250910351446e+00
-1.352298363815872539e+00
-1.348220286794333145e+00
-1.351090909956183417e+00
-1.353910275425895149e+00
-1.354944449957030894e+00
-1.356037609834355839e+00
-1.356112306752424557e+00
-1.356893105267768407e+00
-1.357097095819982169e+00
-1.357195706274176183e+00
-1.357277630249712042e+00
-1.357345069669876336e+00
-1.357375195717527738e+00
-1.357403298480347908e+00
-1.357413980561229527e+00
-1.357419509639491206e+00
-1.357421420663205813e+00
-1.357422321488763517e+00
