4.669317047128457299e-02
-2.048361214319985302e-02
1.344492719949304527e-01
3.740932883265206121e-01
-2.647704071834429129e-01
1.065273627157439507e-01
-3.494580104278694477e-01
-4.295013325597692999e-01
-6.285188529873177998e-01
-6.554331083693142324e-01
-6.740117524559898765e-01
-6.716618590914670284e-01
-6.932375468732898671e-01
-1.480729177153190801e-02
-5.301350028698124106e-01
-7.167699239431591929e-01
-7.078184174301129783e-01
-7.288213371714196143e-01
-7.038882806309267881e-01
-7.454479856602533872e-01
-7.467550441834840402e-01
-7.471680836740550724e-01
-7.474194075027008610e-01
-7.475521410439400771e-01
-7.475926424270733506e-01
-7.476169308634276200e-01
-7.476197683431983210e-01
-7.476214155598759348e-01
-7.476214155598759348e-01
