-1.460804727451285312e-01
-1.142623388547019669e-01
3.051834634331281049e-02
-9.106097177499372641e-02
8.048841954179550839e-01
9.637627575295727445e-01
-3.534450787673854011e-01
-3.474787716567135365e-01
-5.922851387485410513e-01
-6.032165808023601805e-01
-5.407577177731878182e-01
-6.833235604008445208e-01
-6.868898251901521812e-01
-6.917456813930576986e-01
-6.898609538378210893e-01
-6.811349884287464240e-01
-6.340965038776378293e-01
-5.092652833258454192e-01
-5.877503051716435056e-01
-6.703809454220114317e-01
-7.119600046745500066e-01
-7.275609640301489156e-01
-7.332909581749957884e-01
-7.414292698485449584e-01
-7.401185280799180699e-01
-7.461342152492657087e-01
-7.459617178069581911e-01
-7.466811117344330784e-01
-7.474104241904779844e-01
-7.475173948149046455e-01
-7.475992770405102128e-01
-7.476062056814543055e-01
-7.476210739188458021e-01
-7.476214431511365444e-01
