7.656687749604591808e-02
-3.087674761623744879e-01
6.588767660009167693e-03
-4.308570786735509972e-01
-5.934960976602265958e-01
-7.376372475733983247e-01
-7.397794441138363375e-01
-7.407771573211960892e-01
-7.408252366537668721e-01
-7.410342908115425953e-01
-7.410800526585550330e-01
-7.411350762637842760e-01
-7.411466206288297442e-01
-7.411629387440232808e-01
-7.411939258096490457e-01
-7.412004834578910240e-01
-7.412088045412646986e-01
-7.412201737190685646e-01
-7.412325334079358230e-01
-7.412387638616751984e-01
-7.412410624017407024e-01
-7.412433708651551267e-01
-7.412477900778452478e-01
-7.412544427066732888e-01
-7.412613585558776030e-01
-7.412650254724897358e-01
-7.412658384958608071e-01
