-1.870597825286769988e-01
1.882584962632019576e-01
-8.081930142274310058e-02
8.532885549968216576e-02
-8.299224947419689413e-02
-1.183090691493053070e-01
4.833650819149958866e-01
5.869428304338648594e-01
-2.846814104213408747e-01
-4.182925007664347605e-01
-3.667055302659765204e-01
-6.413281112726723077e-01
-6.017694186054993732e-01
-6.117946362340517252e-01
-6.794257892055407533e-01
-7.358262376608875055e-01
-7.461118801526251954e-01
-7.461061701415414582e-01
-7.474433980855970105e-01
-7.475104440555925267e-01
-7.474341164837063900e-01
-7.475982287456370834e-01
-7.476187644498151208e-01
-7.476207373838414938e-01
-7.476213349102951433e-01
