-6.302322523520574593e-02
2.293722003523443465e-02
-3.270079828522133858e-01
2.400181509524396475e-02
-3.132610328005432793e-02
9.494415604284488219e-02
-4.149339199238867848e-01
1.558466989990380247e-01
9.907493421266375111e-02
-1.979219679974298374e-01
-4.820411320265439170e-01
-4.383676450770030986e-01
-6.230533400314126613e-01
-7.343657765159166129e-01
-7.237620190636252504e-01
-7.365031126802272787e-01
-7.351891749753366456e-01
-7.467444889549830211e-01
-7.471170620407907581e-01
-7.474534311452871727e-01
-7.475808586093407593e-01
-7.476107543251198084e-01
-7.476141990942200000e-01
-7.476162417259709647e-01
-7.476198847674589976e-01
-7.476212194698486080e-01
-7.476212194698486080e-01
