4.520685046807523255e-01
-2.901223862941943454e-01
1.842019222557239252e-02
-4.056036755073496453e-02
-3.214547988844004833e-02
-6.640212736074208033e-01
-6.449080907300106524e-01
-6.817228073314796077e-01
-7.165549300804306965e-01
-7.349430097459861422e-01
-7.399863756997104858e-01
-7.410162437837530813e-01
-7.411185393503595398e-01
-7.411528809432850196e-01
-7.412223066062483268e-01
-7.412878186985139006e-01
-7.413004931603538461e-01
-7.413058515633951240e-01
-7.413077165018071568e-01
-7.413085580119929130e-01
