1.999263209555169007e+00
1.896028337006057551e+00
1.285226095061442253e+00
-7.929849786669868061e-02
5.246312539967921962e-02
-3.001361107105492421e-01
-4.352855691006842220e-01
-4.929161268818846309e-01
-5.656566808605992813e-01
-6.798120551031576753e-01
-3.760970540613942648e-01
-8.600537056664855351e-01
-9.667586734881964405e-01
-1.001048319824719091e+00
-1.145508963865654151e+00
-1.192219689256457604e+00
-1.321025758872158784e+00
-1.268901124938802916e+00
-1.391521980163575645e+00
-1.419329442456576107e+00
-1.436820266740229224e+00
-1.452364430104088999e+00
-1.460874652162353016e+00
-1.470561796276902422e+00
-1.477321339840730996e+00
-1.488282341981752799e+00
-1.497967782740734721e+00
-1.511003140450273063e+00
-1.508593006117114443e+00
-1.535268518260610504e+00
-1.547860104017446004e+00
-1.558776151123070219e+00
-1.567396347127499423e+00
-1.574340365508417161e+00
-1.581411871650671097e+00
-1.585893168838432343e+00
-1.589988787727054653e+00
-1.593639590610685275e+00
-1.599340671263022262e+00
-1.607077700996626168e+00
-1.612705913196951446e+00
-1.622340221890794743e+00
-1.633047486215066124e+00
-1.631816344656844331e+00
-1.643346715568264615e+00
-1.648234736548655821e+00
-1.652242925679514585e+00
-1.655431215509620912e+00
-1.658696421957079670e+00
-1.660445289657385359e+00
-1.661644821987585896e+00
-1.662453845669028984e+00
-1.662914005310672794e+00
-1.663318922319303006e+00
-1.663570125129224531e+00
-1.663778306231800119e+00
-1.663974658854347588e+00
-1.664185219623328216e+00
-1.664286835133814924e+00
-1.664429625532272583e+00
-1.664577122802683995e+00
-1.664760086965602959e+00
-1.665012414295830245e+00
-1.665331923309677498e+00
-1.665700717862338198e+00
-1.666314710133632637e+00
-1.667149139594401808e+00
-1.668020054217357995e+00
-1.669318407310530050e+00
-1.670294909501205849e+00
-1.670447656416453430e+00
-1.671535645256129854e+00
-1.672479488300591788e+00
-1.673270390637106031e+00
-1.674604542319101830e+00
-1.675191273743549703e+00
-1.676373550366093035e+00
-1.677113291217162461e+00
-1.677799168365976312e+00
-1.678450893753656858e+00
-1.679528165266104267e+00
-1.680674262678957032e+00
-1.683401121823252078e+00
-1.685258124691567438e+00
-1.683780796459670936e+00
-1.688252920065089091e+00
-1.689533986419452072e+00
-1.690408979833922798e+00
-1.691231216368449974e+00
-1.692024719279090483e+00
-1.692414630504980977e+00
-1.692838273578871400e+00
-1.693034378141590190e+00
-1.693165702913901560e+00
-1.693256072725703998e+00
-1.693381367173431462e+00
-1.693473671204609898e+00
-1.693595655383029364e+00
-1.693712803779716225e+00
-1.693828962653571413e+00
-1.693828962653571191e+00
