1.973703185756001233e+00
1.855332430006084055e+00
1.225846399941854958e+00
2.952977301938318477e-02
-9.008088243800510542e-02
-3.003293838477280042e-01
-3.966130062203835349e-01
-5.315497972065477139e-01
-4.865033614605869805e-01
-6.828736888530357874e-01
-6.675239977428989446e-01
-8.418366691044384398e-01
-8.018859223328042019e-01
-1.000117928387452393e+00
-1.032167570608178098e+00
-1.204777844234935280e+00
-1.256168324654069579e+00
-1.273366772147078940e+00
-1.312666045491995170e+00
-1.377093798413386416e+00
-1.451779376009586953e+00
-1.469905096736312755e+00
-1.485454916278869719e+00
-1.497902331768236062e+00
-1.519123340704775948e+00
-1.537942007240567177e+00
-1.546348172990485104e+00
-1.555477768336203770e+00
-1.567068141475182586e+00
-1.598886480556262146e+00
-1.614227814830317076e+00
-1.641181668321496145e+00
-1.662216302605747931e+00
-1.677496331222700698e+00
-1.687710845722828923e+00
-1.696746346794942850e+00
-1.702583666710335120e+00
-1.706610946784938632e+00
-1.709164490002762715e+00
-1.710894473258978588e+00
-1.712771378239457354e+00
-1.714665626824150246e+00
-1.716158403201382354e+00
-1.716839710379393313e+00
-1.717733925067429501e+00
-1.718785884732547009e+00
-1.720113631650113106e+00
-1.720945185298742075e+00
-1.721737067829723911e+00
-1.722410942535764100e+00
-1.722963787173942940e+00
-1.723413034061881177e+00
-1.723761839739770929e+00
-1.723973004279949484e+00
-1.724103452069050357e+00
-1.724216301244006821e+00
-1.724316686870169812e+00
-1.724348342851079074e+00
-1.724411135715737009e+00
-1.724468648477058386e+00
-1.724539230264249934e+00
-1.724623301608666726e+00
-1.724721097114817692e+00
-1.724804470956473823e+00
-1.724969732685690094e+00
-1.725233640548242686e+00
-1.725657847505928544e+00
-1.726311289003896521e+00
-1.726988739734430123e+00
-1.725907221453408580e+00
-1.727789206983454395e+00
-1.728425342937862652e+00
-1.729197659907387052e+00
-1.729693518623946380e+00
-1.728543894462476471e+00
-1.730393947598728221e+00
-1.730945056531749904e+00
-1.731865066860830860e+00
-1.732559637242567785e+00
-1.730328278257588392e+00
-1.734289762195858842e+00
-1.735280622032664644e+00
-1.735976411689498011e+00
-1.736042508735799794e+00
-1.737114887849892098e+00
-1.737771299286454241e+00
-1.738150790969437143e+00
-1.738530621285599764e+00
-1.738789610188260948e+00
-1.738985306798518815e+00
-1.739173182926696315e+00
-1.739307972784501555e+00
-1.739416363893450779e+00
-1.739547191016964867e+00
-1.739733269865563647e+00
-1.740513053845558877e+00
-1.740912803484689242e+00
-1.741000470424015401e+00
-1.743053336092783345e+00
-1.744430386413493572e+00
-1.744430386413493572e+00
