1.915876724042222756e+00
8.705699731136301578e-01
-2.503538719309035265e-01
-3.284175540314385744e-01
-2.365361960662887009e-01
-3.441215620092640259e-01
-5.342459489156698993e-01
-8.856311149824793727e-01
-1.133041317300538031e+00
-9.573072482638780301e-01
-1.273581469724885062e+00
-1.250316392871419602e+00
-1.358297460562630565e+00
-1.387305201440294455e+00
-1.439932199065109719e+00
-1.483556073797943409e+00
-1.485098659450396985e+00
-1.535141591930238247e+00
-1.550504380992682840e+00
-1.582792868991592439e+00
-1.591067500714461680e+00
-1.600729772431504605e+00
-1.614727479250192665e+00
-1.619908697095003403e+00
-1.628084166553953160e+00
-1.639034211082151415e+00
-1.647612051933923905e+00
-1.654101900555141169e+00
-1.662379604264540678e+00
-1.670162744617887496e+00
-1.676146764674598222e+00
-1.681525684733827575e+00
-1.685162676149574823e+00
-1.693650682810148744e+00
-1.700125988091056417e+00
-1.706077603168802748e+00
-1.711562275264933097e+00
-1.716348295967818238e+00
-1.721748329568065561e+00
-1.726186576495554403e+00
-1.731271951860381630e+00
-1.736996847750553297e+00
-1.736274048095697520e+00
-1.749838064215015088e+00
-1.756673139627313418e+00
-1.762354255014854987e+00
-1.769463095110193507e+00
-1.774912256446224745e+00
-1.778464611439336540e+00
-1.788373331270638245e+00
-1.794474485915425355e+00
-1.800295181086179808e+00
-1.806463485827743964e+00
-1.809838142507143255e+00
-1.816220141721669457e+00
-1.808657191625035354e+00
-1.823614534685269239e+00
-1.826653768814312961e+00
-1.830576706792927721e+00
-1.834217742388804862e+00
-1.838317934699476242e+00
-1.842951034261843146e+00
-1.846468891334033247e+00
-1.849260929914698037e+00
-1.851961256887444840e+00
-1.854122819836392377e+00
-1.856303941634446897e+00
-1.858237518566303148e+00
-1.860464098369699393e+00
-1.862460930835862172e+00
-1.863951212081199849e+00
-1.865274315433729901e+00
-1.866684679196516594e+00
-1.868193122030751052e+00
-1.869514210695165879e+00
-1.870704634432186708e+00
-1.872406906272372495e+00
-1.873676192571084531e+00
-1.875590119384520582e+00
-1.877062189239948387e+00
-1.878838998673845850e+00
-1.880512261532345075e+00
-1.882741384091584091e+00
-1.885050208453296960e+00
-1.886525923042187358e+00
-1.888624651034053858e+00
-1.890785347727890420e+00
-1.892954115574198681e+00
-1.894083454619178930e+00
-1.894932444196370636e+00
-1.895605653788356104e+00
-1.896454563385553627e+00
-1.897291936134450907e+00
-1.897964843633601184e+00
-1.898750255803543840e+00
-1.899802453677184255e+00
-1.901418106425626364e+00
-1.902409493744064317e+00
-1.902788754385538850e+00
-1.904195650240693594e+00
-1.904195650240693372e+00
