1.922689016604625989e+00 1.000000000000000000e+00 1.453666950898766658e-02 3.748067593453685564e-02
1.924032833123409558e+00 1.000000000000000000e+00 2.306454445558190486e-02 3.748066103337566179e-02
1.931707379983488071e+00 9.999999999999996669e-01 9.124899078165418786e-02 3.748066009978169577e-02
2.000000000000000000e+00 9.999999999999997780e-01 1.305114789946168141e+00 3.748069058518905400e-02
2.000000000000000000e+00 0.000000000000000000e+00 3.994592703530341282e+01 3.748037426195863220e-02
2.000000000000000000e+00 4.327357263791705710e-01 3.785975741695969621e+00 3.748066550260018698e-02
2.000000000000000000e+00 1.665334536937734811e-16 2.837499182014544985e+00 3.748066908597110641e-02
2.000000000000000000e+00 4.371195538069599755e-03 3.171954715350079557e+00 3.748066612120314056e-02
2.000000000000000000e+00 0.000000000000000000e+00 3.141178332217316793e+00 3.748066650545726214e-02
2.000000000000000000e+00 0.000000000000000000e+00 3.141178332217316793e+00 3.748066650545726214e-02
