6.225100724472252267e-01 3.365517803885187398e-01 3.488149753111520202e-01 6.039516320024636009e-01 1.000000000000000000e+00 1.000000000000000000e+00 1.000000000000000000e+00 1.000000000000000000e+00 2.101936023646572282e-02 2.959756777653248586e-02 8.528209089408112994e-03 8.582034951782424592e-02 1.277124579566737451e-02 9.396235103192746019e-02 2.208609720502521453e-02 7.739377573454044035e-02
4.364726791604010003e-01 2.289185082025970708e-01 2.447073253142753035e-01 5.143044003789332130e-01 1.000000000000000000e+00 1.000000000000000000e+00 1.000000000000000000e+00 1.000000000000000000e+00 5.219888013783988701e-01 4.141921311713174236e-01 3.528872735641099823e-01 4.763809019956608548e-01 1.277124719265123644e-02 9.396235289457260942e-02 2.208609906767036377e-02 7.739377620020172766e-02
6.174894827949558573e-01 4.284903206056278613e-01 3.584251281343336371e-01 5.504252191634519953e-01 9.371550868103517562e-01 1.000000000000000000e+00 9.713594117266829420e-01 9.485803433234722970e-01 4.922887120348939938e-01 2.464701031049078006e-01 3.552012961664223756e-01 3.105300762008690318e-01 1.277124743828528253e-02 9.396235322208466856e-02 2.208609939518242291e-02 7.739377628207974591e-02
5.978991857997335568e-01 4.034670665628192210e-01 3.384702718712280789e-01 5.723114189760609705e-01 1.000000000000000000e+00 9.501365848203843223e-01 1.000000000000000000e+00 1.000000000000000000e+00 3.781480879785238947e-01 2.992973101117720747e-01 2.295145545498529505e-01 3.430233241758312568e-01 1.277124729671477027e-02 9.396235024706532657e-02 2.208609642016307745e-02 7.739377344863090924e-02
6.277392915183240829e-01 3.625781038108540355e-01 2.903946110271982683e-01 5.563175211042893364e-01 1.000000000000000000e+00 9.394131990518591602e-01 1.000000000000000000e+00 9.787698191919514956e-01 4.450386262708102558e-01 3.260492920180461107e-01 2.704348754699813506e-01 3.679433272268851640e-01 1.277124731877393032e-02 9.396234987255072668e-02 2.208609604564847409e-02 7.739377305205714930e-02
6.670389646975348752e-01 3.385893819807137550e-01 2.650926564553016673e-01 5.731737674063318577e-01 1.000000000000000000e+00 9.172249599868236292e-01 1.000000000000000000e+00 9.672775600843289689e-01 4.676515609377142613e-01 3.289862402345260506e-01 2.691901771701418755e-01 3.653983978431681323e-01 1.277124733930516849e-02 9.396235379831467671e-02 2.208609997141242065e-02 7.739377695728985596e-02
9.340571775371016017e-01 1.716783123373252784e-01 1.213428502650263641e-01 7.586041426625713679e-01 1.000000000000000000e+00 7.585471501409056794e-01 1.000000000000000000e+00 8.999269823113970057e-01 6.165963542369671258e-01 3.760760765949260342e-01 2.355567398735547713e-01 3.650792581710398110e-01 1.277124746979643385e-02 9.396236449853589967e-02 2.208611067163364361e-02 7.739378752701980835e-02
1.000000000000000000e+00 1.457499684111048521e-01 1.140501508554755683e-01 8.659493642008142533e-01 1.000000000000000000e+00 7.116147625892133011e-01 1.000000000000000000e+00 8.760181960561550518e-01 7.070539886738823609e-01 3.812762720297967478e-01 2.686298126523863350e-01 3.525295945617389903e-01 1.277124754262017395e-02 9.396237269640521361e-02 2.208611886950296102e-02 7.739379565206538913e-02
1.000000000000000000e+00 1.380868044088476854e-01 1.021262444184271173e-01 9.117993742520316136e-01 1.000000000000000000e+00 6.847969085842235959e-01 1.000000000000000000e+00 8.500051845090901281e-01 7.601721976149223847e-01 3.774726613688861865e-01 2.945020247466660357e-01 3.418802383701281533e-01 1.277124758646625349e-02 9.396236822273022760e-02 2.208611439582797500e-02 7.739379662444555164e-02
1.000000000000000000e+00 1.238573368306761513e-01 7.232733006568778378e-02 9.514734752292623998e-01 1.000000000000000000e+00 6.487722711314622970e-01 1.000000000000000000e+00 8.072061910394918716e-01 8.067109722490131141e-01 3.771699391951616187e-01 3.039322685117236689e-01 3.378375227282295334e-01 1.277124301473115363e-02 9.396236756779353938e-02 2.208610912106850899e-02 7.739379815783770100e-02
9.713714680127788492e-01 1.151006047607040089e-01 4.400773629533435982e-03 1.000000000000000000e+00 1.000000000000000000e+00 5.717506888459290559e-01 1.000000000000000000e+00 6.906395585589393260e-01 8.978740645523505259e-01 3.703655556392661530e-01 3.137321055116790713e-01 3.327558035553734306e-01 1.277124119467220112e-02 9.396236932113902207e-02 2.208610235993503298e-02 7.739380525292932633e-02
9.838943166202891444e-01 1.163541546640086688e-01 1.821459649775647449e-17 1.000000000000000000e+00 1.000000000000000000e+00 5.286057363506123652e-01 1.000000000000000000e+00 6.262287959154588801e-01 9.385965739986671386e-01 3.739493043096152602e-01 3.042397352960022894e-01 3.431035834620799752e-01 1.277124067507823778e-02 9.396236794328109709e-02 2.208609902046792042e-02 7.739380610644883141e-02
8.846954134376031620e-01 1.868028800988187910e-01 0.000000000000000000e+00 9.835944825869413766e-01 1.000000000000000000e+00 2.223385010095579317e-01 1.000000000000000000e+00 1.164933569390090851e-01 1.245706448859535298e+00 3.601449454377679826e-01 2.784528579477771326e-01 3.931280912209585976e-01 1.277119307836240177e-02 9.396234903052248788e-02 2.208603364577929953e-02 7.739380638418642822e-02
8.480774799042205547e-01 2.356386422143774140e-01 5.008558276153339539e-02 9.578503202829468099e-01 1.000000000000000000e+00 1.431896121931810761e-01 1.000000000000000000e+00 0.000000000000000000e+00 1.314502984401605845e+00 3.314541717019853784e-01 2.593112098380609964e-01 3.912601423065530382e-01 1.277118058901481265e-02 9.396234022792099294e-02 2.208601125082640740e-02 7.739380236165679938e-02
9.032277741363267110e-01 2.663783420599749596e-01 1.016585886159003527e-01 1.000000000000000000e+00 1.000000000000000000e+00 1.769216693246822292e-02 1.000000000000000000e+00 0.000000000000000000e+00 1.404446181022909634e+00 2.923899254219021748e-01 2.582144727036367882e-01 3.634674797951897296e-01 1.277117866025330277e-02 9.396234398644617847e-02 2.208600692482085362e-02 7.739380852067988259e-02
8.851898757421446939e-01 3.073463774093390111e-01 9.629052230697764114e-02 9.720772810135590580e-01 1.000000000000000000e+00 1.748601263784621551e-15 9.942011013341384151e-01 3.444524721781101736e-15 1.405656268149956700e+00 2.902879583199813318e-01 2.529591871742647990e-01 3.695649256876818445e-01 1.277116420387304496e-02 9.396233662020352095e-02 2.208599317816157398e-02 7.739380151050904988e-02
8.601671063012675811e-01 3.503490580393180398e-01 3.163733961285465635e-02 9.943989292519852530e-01 1.000000000000000000e+00 5.185607226964971236e-16 9.728684917599742521e-01 6.325290852201421002e-16 1.418656866858873489e+00 3.020643239009532244e-01 2.570132126023881858e-01 3.800475381033834865e-01 1.277116851504412134e-02 9.396234031329706027e-02 2.208599450304508244e-02 7.739380624281749776e-02
8.487169488960846220e-01 3.875021294846240361e-01 1.882137378064831570e-02 9.999999999999998890e-01 1.000000000000000000e+00 0.000000000000000000e+00 9.636635566810728415e-01 4.020620921146943384e-16 1.429987492691239481e+00 3.089950009247312002e-01 2.582346474920154678e-01 3.940246867862407520e-01 1.277116795438928629e-02 9.396234036851969229e-02 2.208599316102426505e-02 7.739380676001156312e-02
7.627434700402552226e-01 6.267672542224881349e-01 0.000000000000000000e+00 1.000000000000000000e+00 1.000000000000000000e+00 0.000000000000000000e+00 9.224244876034561891e-01 8.644421183932906218e-16 1.498212359146682271e+00 3.486183206560025116e-01 2.681980073971473866e-01 4.924511216901938937e-01 1.277116981421073938e-02 9.396232747072266744e-02 2.208598978683356737e-02 7.739379610255414654e-02
7.290043995168721258e-01 6.749052767054256607e-01 8.281893220374052580e-03 1.000000000000000000e+00 1.000000000000000000e+00 1.826583530764197512e-15 9.265659369639287490e-01 1.268221829810325291e-15 1.514714204156392796e+00 3.495829123442830144e-01 2.760381822889410586e-01 5.097708575612354132e-01 1.277117552759834095e-02 9.396233781098370375e-02 2.208599690023707249e-02 7.739380697046456536e-02
5.157611257164644858e-01 1.000000000000000000e+00 4.648091665232841063e-02 1.000000000000000000e+00 1.000000000000000000e+00 7.044171245959212272e-16 9.227921288620096751e-01 8.920072313777589609e-16 1.619365240906003311e+00 3.640265377382067014e-01 3.145116630731531471e-01 6.299513901798401427e-01 1.277120276477323145e-02 9.396235290582902189e-02 2.208601313369339472e-02 7.739386028617881164e-02
3.688976571015529782e-01 9.999999999999998890e-01 1.569037734253181937e-01 1.000000000000000000e+00 1.000000000000000000e+00 0.000000000000000000e+00 9.933158762819840337e-01 0.000000000000000000e+00 1.646038321597454557e+00 2.998401128377585767e-01 3.448295683353755359e-01 6.148052990964134601e-01 1.277123649719700063e-02 9.396236740449699643e-02 2.208602684925397436e-02 7.739395159655772238e-02
4.633044140108195652e-01 9.999999999999997780e-01 1.083259137273143297e-01 9.999999999999998890e-01 9.976103799936315575e-01 0.000000000000000000e+00 9.545817142410016887e-01 2.288824271573518809e-01 1.582049008463130679e+00 2.936472607369958743e-01 3.485358446029298563e-01 5.814516915627164773e-01 1.277123188989371175e-02 9.396236780696322344e-02 2.208603461163321721e-02 7.739393635924782244e-02
4.893110809818197460e-01 1.000000000000000000e+00 5.623913605662990423e-02 1.000000000000000000e+00 9.920436887084200794e-01 2.423312963296583347e-16 9.040426732343678218e-01 5.110945917419631446e-01 1.523053369071216911e+00 2.634427707091473447e-01 3.692015693816609323e-01 5.413500792532058847e-01 1.277124543014053135e-02 9.396237299351946348e-02 2.208605218119351343e-02 7.739394430958436433e-02
5.215346016123550976e-01 9.999999999999998890e-01 1.055462027024666599e-02 1.000000000000000000e+00 9.999999999999998890e-01 2.126223146388235292e-16 8.062130914318981212e-01 9.999999999999995559e-01 1.453170976306564999e+00 2.015083766797436948e-01 4.169594146735585705e-01 4.860263524948999492e-01 1.277127484159275468e-02 9.396238519551997070e-02 2.208608409699656591e-02 7.739397999982317033e-02
4.587228636765826040e-01 9.999999999999992228e-01 1.995995816681859700e-02 9.999999999999997780e-01 1.000000000000000000e+00 0.000000000000000000e+00 7.875704350412994215e-01 9.999999999999927836e-01 1.486961625936426001e+00 1.844910407431161470e-01 4.316677475518799767e-01 5.000526886541167837e-01 1.277128790595553551e-02 9.396238815936129585e-02 2.208608792068707249e-02 7.739400051093121846e-02
3.779261495801349291e-01 9.999999999999996669e-01 1.040270537487313213e-01 9.999999999999997780e-01 1.000000000000000000e+00 0.000000000000000000e+00 7.562067058635039141e-01 9.999999999999982236e-01 1.591145425737327423e+00 1.400920997741700869e-01 4.619403449401427442e-01 5.436070524771796642e-01 1.277132920907141610e-02 9.396238498921810622e-02 2.208610201460184733e-02 7.739404307983480114e-02
3.889741115653682080e-01 1.000000000000000000e+00 8.894047586296521812e-02 1.000000000000000000e+00 9.999999999999998890e-01 7.029584696217502356e-16 7.585002668411804372e-01 1.000000000000000000e+00 1.582878321225257956e+00 1.417704666944317737e-01 4.598115430603764708e-01 5.542546614220611456e-01 1.277132652240700258e-02 9.396238433612900953e-02 2.208610174082279234e-02 7.739403447181564255e-02
4.019732707795183879e-01 9.999999999999988898e-01 7.910575316017928738e-02 9.999999999999998890e-01 1.000000000000000000e+00 3.345557968766017570e-16 7.499548665562536520e-01 9.999999999999991118e-01 1.588405765258286362e+00 1.294867411247419275e-01 4.576850177218853011e-01 5.925768103464478243e-01 1.277132436490668356e-02 9.396239041580224660e-02 2.208610140935840516e-02 7.739402270815624874e-02
4.194529036589494386e-01 9.999999999999997780e-01 7.704201985738182157e-02 9.999999999999997780e-01 1.000000000000000000e+00 0.000000000000000000e+00 7.207838660654319884e-01 1.000000000000000000e+00 1.616944371663633806e+00 8.940359004141427979e-02 4.543052124114471679e-01 6.743804175887272434e-01 1.277132119768474225e-02 9.396239427275500378e-02 2.208609930966284884e-02 7.739400535334577114e-02
4.302143546677071884e-01 9.999999999999991118e-01 8.486036159678968238e-02 9.999999999999994449e-01 1.000000000000000000e+00 0.000000000000000000e+00 6.837564697732624319e-01 9.999999999999863443e-01 1.661908125425020089e+00 3.151675329237721424e-02 4.517881827911203185e-01 7.606873783859345872e-01 1.277131946915580941e-02 9.396239764587117904e-02 2.208609594930575210e-02 7.739399380265533923e-02
4.311311819565478709e-01 9.999999999999997780e-01 9.503796347528400967e-02 9.999999999999998890e-01 1.000000000000000000e+00 0.000000000000000000e+00 6.513471165928275131e-01 9.999999999999962252e-01 1.714939730682907282e+00 -3.745503208095105063e-02 4.506071629713451765e-01 8.340664170195555283e-01 1.277130775929229134e-02 9.396239374023805657e-02 2.208609238002507899e-02 7.739398532945244991e-02
4.254865919579610134e-01 1.000000000000000000e+00 9.755660932537701946e-02 9.999999999999996669e-01 1.000000000000000000e+00 0.000000000000000000e+00 6.337412480431700024e-01 9.999999999999923395e-01 1.764222812510825467e+00 -1.108488346977807987e-01 4.503655675818983295e-01 8.896285952113091033e-01 1.277130516075441688e-02 9.396239283825337518e-02 2.208608938121662049e-02 7.739398789422917424e-02
4.209472010816671106e-01 1.000000000000000000e+00 8.920935975083729708e-02 1.000000000000000000e+00 1.000000000000000000e+00 7.333364177104247561e-16 6.303501499364559946e-01 1.000000000000000000e+00 1.808804577099926592e+00 -1.972256440640516029e-01 4.507285041415067250e-01 9.485393091897401652e-01 1.277130182197253744e-02 9.396239215419179003e-02 2.208608669796635962e-02 7.739399876869693107e-02
4.175978257299484686e-01 1.000000000000000000e+00 6.883767052000749898e-02 9.999999999999998890e-01 1.000000000000000000e+00 0.000000000000000000e+00 6.432977841455752577e-01 9.999999999999946709e-01 1.866552754083850019e+00 -3.446307244309181339e-01 4.536683307931339004e-01 1.054258849359832828e+00 1.277128780193408780e-02 9.396238403138040818e-02 2.208607581827812943e-02 7.739400428043105573e-02
4.119679580219813286e-01 1.000000000000000000e+00 3.699690156894970550e-02 9.999999999999997780e-01 1.000000000000000000e+00 7.237913086974074661e-16 6.865539794137305307e-01 9.999999999999958922e-01 1.936994241655671134e+00 -5.855772491223272258e-01 4.657073879317496501e-01 1.239456106312638584e+00 1.277126413062311915e-02 9.396237675119752109e-02 2.208605872135738224e-02 7.739402238796058708e-02
3.962708728064939789e-01 1.000000000000000000e+00 0.000000000000000000e+00 1.000000000000000000e+00 9.999999999999998890e-01 2.276685888319097819e-15 7.906537710087730986e-01 1.000000000000000000e+00 2.011578366482815294e+00 -9.574379009246163363e-01 4.998272574797369416e-01 1.539293714998407170e+00 1.277123595736475922e-02 9.396237134965412796e-02 2.208604088655695755e-02 7.739406162464845806e-02
3.729655045334674401e-01 1.000000000000000000e+00 0.000000000000000000e+00 1.000000000000000000e+00 1.000000000000000000e+00 9.445779962812489729e-16 9.472184534884355855e-01 1.000000000000000000e+00 2.022906161377430845e+00 -1.261408813490661363e+00 5.494021372090752697e-01 1.794331906609718752e+00 1.277121725862370195e-02 9.396235561294721816e-02 2.208603062756773344e-02 7.739411412963499715e-02
3.634469020489194402e-01 9.999999999999998890e-01 2.187331857117996020e-02 1.000000000000000000e+00 1.000000000000000000e+00 2.603941456932921027e-16 9.802488598465264324e-01 1.000000000000000000e+00 1.997656436511484168e+00 -1.277726123218440923e+00 5.798131282482716919e-01 1.842978120952064369e+00 1.277122398930001165e-02 9.396235317816659105e-02 2.208603557853093535e-02 7.739412662870902293e-02
3.613558517015029725e-01 1.000000000000000000e+00 7.180135595724772279e-02 1.000000000000000000e+00 1.000000000000000000e+00 9.514551506918816671e-16 9.811172314505923753e-01 1.000000000000000000e+00 2.001238436622035710e+00 -1.283383497998228151e+00 6.174741079085223072e-01 1.905107557143406405e+00 1.277124278052801758e-02 9.396235656042600803e-02 2.208604948292795106e-02 7.739414245293793626e-02
3.460649604632042853e-01 1.000000000000000000e+00 7.057173798516393204e-02 1.000000000000000000e+00 9.999999999999998890e-01 2.664913280833449641e-15 9.828486435348725569e-01 1.000000000000000000e+00 2.027466505902927540e+00 -1.334020926910565397e+00 6.493936739288452831e-01 1.968626920941180192e+00 1.277125526576102822e-02 9.396235535714911324e-02 2.208605583803946448e-02 7.739415350514021463e-02
3.233105496929835065e-01 1.000000000000000000e+00 6.775613006888613066e-02 1.000000000000000000e+00 1.000000000000000000e+00 3.448161282968462457e-15 9.833804220478619129e-01 1.000000000000000000e+00 2.056441624214682129e+00 -1.297085889066451170e+00 7.080004723609394368e-01 1.959606854556966704e+00 1.277129645535635301e-02 9.396235593497642702e-02 2.208607796132795037e-02 7.739417686588589973e-02
2.987593702673060347e-01 9.999999999999993339e-01 3.615659577502765981e-02 9.999999999999991118e-01 1.000000000000000000e+00 0.000000000000000000e+00 1.000000000000000000e+00 9.999999999999988898e-01 2.203129853540515715e+00 -1.391067831285632383e+00 8.534411359007242348e-01 2.078014263471490430e+00 1.277137247125848842e-02 9.396235642174258218e-02 2.208612160386579093e-02 7.739423373614426338e-02
3.002506549112889944e-01 1.000000000000000000e+00 0.000000000000000000e+00 1.000000000000000000e+00 1.000000000000000000e+00 3.272490073046831319e-15 1.000000000000000000e+00 1.000000000000000000e+00 2.454733045186533236e+00 -1.411262986972239730e+00 1.140653279066907277e+00 2.191926695715888940e+00 1.277153065806354952e-02 9.396236840956427583e-02 2.208621369232846229e-02 7.739432727424426506e-02
3.178698597942387072e-01 1.000000000000000000e+00 0.000000000000000000e+00 1.000000000000000000e+00 1.000000000000000000e+00 1.075317829905318433e-15 1.000000000000000000e+00 1.000000000000000000e+00 2.338839768389087137e+00 -1.321943151308238473e+00 1.041925215160462548e+00 2.066469003195597232e+00 1.277148272156836649e-02 9.396237250786948492e-02 2.208619224364759270e-02 7.739429200394801200e-02
3.286316298347801701e-01 1.000000000000000000e+00 0.000000000000000000e+00 1.000000000000000000e+00 1.000000000000000000e+00 1.904495674136790605e-15 1.000000000000000000e+00 1.000000000000000000e+00 2.332798650279977792e+00 -1.368076259072048551e+00 1.026478637086414514e+00 2.121181274308141518e+00 1.277146734635376327e-02 9.396237132372060874e-02 2.208618267196191254e-02 7.739428420414497245e-02
3.275754774608639619e-01 1.000000000000000000e+00 1.711631231997532229e-15 1.000000000000000000e+00 1.000000000000000000e+00 4.534659954866215716e-15 1.000000000000000000e+00 1.000000000000000000e+00 2.362276379826160344e+00 -1.349868890901914309e+00 1.070537761355851325e+00 2.118630940473095414e+00 1.277149364189585773e-02 9.396237604117943509e-02 2.208619892060913192e-02 7.739430257705240401e-02
3.254863627550135252e-01 9.999999999999961142e-01 7.740527098744663658e-15 9.999999999999980016e-01 1.000000000000000000e+00 0.000000000000000000e+00 9.999999999999922284e-01 9.999999999999547029e-01 2.363402352874445889e+00 -1.343938076436925977e+00 1.077564612845317349e+00 2.116172227080047819e+00 1.277149813102181584e-02 9.396237659113215734e-02 2.208620183944762227e-02 7.739430103779565417e-02
3.239330015213907066e-01 9.999999999999995559e-01 0.000000000000000000e+00 9.999999999999998890e-01 1.000000000000000000e+00 9.176081931457679121e-16 9.999999999999991118e-01 9.999999999999945599e-01 2.364528825479568219e+00 -1.340783925510105057e+00 1.083397088856377533e+00 2.116435776483313269e+00 1.277150163529412914e-02 9.396238294601909347e-02 2.208620410074690898e-02 7.739430812562354822e-02
3.239330015213907066e-01 9.999999999999995559e-01 0.000000000000000000e+00 9.999999999999998890e-01 1.000000000000000000e+00 9.176081931457679121e-16 9.999999999999991118e-01 9.999999999999945599e-01 2.364528825479568219e+00 -1.340783925510105057e+00 1.083397088856377533e+00 2.116435776483313269e+00 1.277150163529412914e-02 9.396238294601909347e-02 2.208620410074690898e-02 7.739430812562354822e-02
