3.174745231528011580e+00 1.000000000000000000e+00 3.524218513124795227e-02 2.554350001157927944e-02
3.098905428905216475e+00 1.000000000000000000e+00 5.544368936174721985e-02 2.554352981390166713e-02
2.703161158479931103e+00 1.000000000000000000e+00 2.271088576663844449e-01 2.554354602919278738e-02
4.440892098500626162e-16 1.000000000000000000e+00 1.745679428008703793e+00 2.554374147468235420e-02
0.000000000000000000e+00 8.284803958099649090e-01 2.051192464114275360e+00 2.554378445054888286e-02
2.701886555298849068e-12 4.226619054747970949e-13 3.382213771851445117e+00 2.554398359363850221e-02
8.683699931905455305e-01 0.000000000000000000e+00 2.913916812283573243e+00 2.554393189574197601e-02
5.552982421624608200e-01 0.000000000000000000e+00 3.119996757578535451e+00 2.554396046244663057e-02
9.811968829310074858e-01 0.000000000000000000e+00 3.199058189479134118e+00 2.554402097283587844e-02
9.034790043331092368e-01 0.000000000000000000e+00 3.141371586002257299e+00 2.554400174275364005e-02
9.077087160335121085e-01 2.588554660628031735e-03 3.141455877384578432e+00 2.554400265632306502e-02
9.099483130784647988e-01 1.604619215278546562e-17 3.141737679520897775e+00 2.554399887864199775e-02
9.071969349119677339e-01 0.000000000000000000e+00 3.141723317058494835e+00 2.554399648071533149e-02
9.071969349119677339e-01 0.000000000000000000e+00 3.141723317058494835e+00 2.554399648071533149e-02
