3.673960093123910392e-02 3.090578084835794714e-02 4.254941962001804190e-02 3.608130038287452740e-02 1.000000000000000000e+00 1.000000000000000000e+00 1.000000000000000000e+00 1.000000000000000000e+00 9.820857741727062606e-02 5.076357443323610552e-02 7.117380389110584960e-02 9.809769042658639249e-02 4.933511191761603965e-02 3.146791123932429074e-02 3.856404099857845685e-02 9.131809739219580446e-02
1.000000000000000056e-01 9.999999999999990841e-02 1.000000000000000056e-01 9.999999999999989453e-02 6.341394074261188507e-01 1.000000000000000000e+00 1.000000000000000000e+00 6.908989734947681427e-01 7.124675186802310600e-01 -2.524183345914793319e-01 7.000803332878782204e-01 -1.837655519611852140e-01 4.933511191761603965e-02 3.146790751403399228e-02 3.856404099857845685e-02 9.131810111748610292e-02
7.897877848413864532e-03 4.490585465124246473e-02 1.000000000000000056e-01 9.999999999999997780e-02 9.781553447122203204e-01 9.999999999999998890e-01 1.000000000000000000e+00 9.609048400578228399e-01 5.640044522815542694e-01 5.130498186507140290e-02 5.356988737692471858e-01 1.242495142476878062e-01 4.933512577447195929e-02 3.146791950057163667e-02 3.856404792700642015e-02 9.131810645201836329e-02
4.894738506520313059e-02 1.000000000000000056e-01 9.999999999999997780e-02 9.999999999999996392e-02 9.251121970433846542e-01 9.958316364944831411e-01 1.000000000000000000e+00 9.236997145070779958e-01 4.025038155396763462e-01 -6.491260530407199497e-03 3.755296442876611129e-01 5.304224806618175470e-02 4.933512463582121615e-02 3.146791198099250370e-02 3.856404735768104858e-02 9.131810209320842531e-02
6.424613011334096013e-02 9.999999999999847899e-02 9.999999999999922839e-02 9.999999999999910349e-02 9.362176006263663863e-01 1.000000000000000000e+00 1.000000000000000000e+00 9.291704310700468206e-01 3.992825832494544258e-01 -4.725419630007821753e-03 3.671077959748289543e-01 5.032047947352736444e-02 4.933512392599893881e-02 3.146791421002092387e-02 3.856404700276990644e-02 9.131810412554844381e-02
1.000000000000000056e-01 1.000000000000000056e-01 1.000000000000000056e-01 1.000000000000000056e-01 9.678207403348414450e-01 1.000000000000000000e+00 1.000000000000000000e+00 9.416578730471388825e-01 3.978193647326995763e-01 -3.628082670562287910e-03 3.497016941570280646e-01 3.854199358069833325e-02 4.933511772976519050e-02 3.146790466125273800e-02 3.856404121632349413e-02 9.131810496361379703e-02
1.000000000000000056e-01 1.000000000000000056e-01 1.000000000000000056e-01 1.000000000000000056e-01 9.814268550977409689e-01 1.000000000000000000e+00 1.000000000000000000e+00 9.435471845114037359e-01 4.028976072164862088e-01 -7.918026514540909763e-03 3.459002656474062798e-01 2.778842057671627661e-02 4.933511667938977191e-02 3.146789939807959069e-02 3.856404006865823964e-02 9.131810544652278760e-02
1.000000000000000056e-01 9.999999999999997780e-02 9.999999999999995004e-02 9.999999999999933942e-02 1.000000000000000000e+00 1.000000000000000000e+00 1.000000000000000000e+00 9.478581136333019685e-01 4.134305640756820721e-01 -1.487669006490591368e-02 3.387145555968207322e-01 8.780510569138314653e-03 4.933511582213418595e-02 3.146789752313532140e-02 3.856402174638107194e-02 9.131810643387318349e-02
9.999999999999956146e-02 9.999999999999975575e-02 9.999999999999970024e-02 9.999999999999995004e-02 1.000000000000000000e+00 1.000000000000000000e+00 1.000000000000000000e+00 9.525390472743574533e-01 4.210125677613523743e-01 -1.522008382180288846e-02 3.348694764948590419e-01 2.132102106176809835e-03 4.933511655377371269e-02 3.146789746120794151e-02 3.856401988847098922e-02 9.131810678979086771e-02
1.000000000000000056e-01 9.999999999999950595e-02 9.999999999999989453e-02 9.999999999999976963e-02 1.000000000000000000e+00 1.000000000000000000e+00 1.000000000000000000e+00 9.803719349870083644e-01 4.611165722107766762e-01 -1.399813509150908339e-02 3.125280617015758766e-01 -3.091501220672586078e-02 4.933513657208997427e-02 3.146789597773903130e-02 3.856402359995392964e-02 9.131810815763877209e-02
1.000000000000000056e-01 1.000000000000000056e-01 1.000000000000000056e-01 1.000000000000000056e-01 1.000000000000000000e+00 9.999999999999998890e-01 1.000000000000000000e+00 1.000000000000000000e+00 4.862971703951525226e-01 -1.096415180897875735e-02 2.952918829013191915e-01 -5.144694203940169963e-02 4.933514706936579369e-02 3.146789898117634265e-02 3.856402750781214722e-02 9.131810870412067349e-02
1.000000000000000056e-01 1.000000000000000056e-01 1.000000000000000056e-01 1.000000000000000056e-01 1.000000000000000000e+00 9.999999999999998890e-01 1.000000000000000000e+00 1.000000000000000000e+00 4.901471864654739496e-01 -6.338400590398023116e-03 2.886738195796562101e-01 -5.275154997684431551e-02 4.933514694344953710e-02 3.146790163495385290e-02 3.856402886979744954e-02 9.131810848592923635e-02
9.999999999999975575e-02 9.999999999999911737e-02 9.999999999999954758e-02 9.999999999999974187e-02 9.999999999999974465e-01 1.000000000000000000e+00 1.000000000000000000e+00 9.999999999999937828e-01 5.175195931081182366e-01 1.646926483324305523e-02 2.492915839299423009e-01 -6.749019571368210235e-02 4.933515892700366529e-02 3.146789642504564666e-02 3.856405445937837601e-02 9.131812494782694245e-02
1.000000000000000056e-01 1.000000000000000056e-01 1.000000000000000056e-01 1.000000000000000056e-01 1.000000000000000000e+00 1.000000000000000000e+00 1.000000000000000000e+00 1.000000000000000000e+00 5.410313836901798901e-01 2.993745337085213301e-02 2.225104950516611502e-01 -8.175170769976036755e-02 4.933516590558563453e-02 3.146789708610787939e-02 3.856406240701982374e-02 9.131812909055000982e-02
9.999999999999939493e-02 9.999999999999949207e-02 9.999999999999946432e-02 9.999999999999960310e-02 9.999999999999971134e-01 1.000000000000000000e+00 1.000000000000000000e+00 9.999999999999982236e-01 6.788167823460489192e-01 1.013083094859893590e-01 7.784471876779389121e-02 -1.647534891836699433e-01 4.933518713256685589e-02 3.146793469948491739e-02 3.856409094196892179e-02 9.131817700367002300e-02
1.000000000000000056e-01 9.999999999999933942e-02 1.000000000000000056e-01 9.999999999999975575e-02 1.000000000000000000e+00 1.000000000000000000e+00 1.000000000000000000e+00 1.000000000000000000e+00 8.830304301592277749e-01 1.999954139560738975e-01 -1.243481067402813223e-01 -2.868428986968021288e-01 4.933521985746016497e-02 3.146795660926030025e-02 3.856410813914210034e-02 9.131820837226080345e-02
1.000000000000000056e-01 1.000000000000000056e-01 1.000000000000000056e-01 1.000000000000000056e-01 1.000000000000000000e+00 9.999999999999998890e-01 1.000000000000000000e+00 1.000000000000000000e+00 1.272505766158422258e+00 3.882360071796551182e-01 -5.019863731268213725e-01 -5.174324382839774472e-01 4.933529053634116979e-02 3.146800695471641679e-02 3.856413785852048220e-02 9.131825580634278516e-02
1.000000000000000056e-01 1.000000000000000056e-01 9.999999999999999167e-02 1.000000000000000056e-01 1.000000000000000000e+00 1.000000000000000000e+00 1.000000000000000000e+00 1.000000000000000000e+00 1.114141478248582340e+00 3.139548239714816114e-01 -3.454364363165342011e-01 -4.216333931107441035e-01 4.933526144591658669e-02 3.146797933295025773e-02 3.856412236206648719e-02 9.131824363517829224e-02
1.000000000000000056e-01 9.999999999999961697e-02 1.000000000000000056e-01 1.000000000000000056e-01 1.000000000000000000e+00 1.000000000000000000e+00 1.000000000000000000e+00 1.000000000000000000e+00 1.032601830977434076e+00 2.739784409414314781e-01 -2.640185603436766004e-01 -3.728505825349798797e-01 4.933524273371151653e-02 3.146796851779018467e-02 3.856411081830507515e-02 9.131822685675003437e-02
9.999999999999970024e-02 9.999999999999960310e-02 9.999999999999970024e-02 9.999999999999960310e-02 9.999999999999987788e-01 1.000000000000000000e+00 1.000000000000000000e+00 9.999999999999985567e-01 1.016429778696477770e+00 2.658971094581588646e-01 -2.438195247390863851e-01 -3.627873508192411833e-01 4.933523336213395394e-02 3.146796240134714512e-02 3.856409697033094663e-02 9.131822540076880990e-02
1.000000000000000056e-01 1.000000000000000056e-01 1.000000000000000056e-01 1.000000000000000056e-01 1.000000000000000000e+00 9.999999999999998890e-01 1.000000000000000000e+00 1.000000000000000000e+00 1.007989314485822741e+00 2.612229456711159803e-01 -2.334295849793470434e-01 -3.587215046394457429e-01 4.933523003481601193e-02 3.146796429083517643e-02 3.856409128205262604e-02 9.131821270149216574e-02
1.000000000000000056e-01 9.999999999999954758e-02 9.999999999999976963e-02 9.999999999999965861e-02 9.999999999999968914e-01 1.000000000000000000e+00 1.000000000000000000e+00 9.999999999999976685e-01 9.984422387217758432e-01 2.560815247376286852e-01 -2.229248541293257224e-01 -3.547291224525295217e-01 4.933522068838087221e-02 3.146795696844748025e-02 3.856408089377012793e-02 9.131820032113521779e-02
1.000000000000000056e-01 9.999999999999954758e-02 9.999999999999976963e-02 9.999999999999965861e-02 9.999999999999968914e-01 1.000000000000000000e+00 1.000000000000000000e+00 9.999999999999976685e-01 9.984422387217758432e-01 2.560815247376286852e-01 -2.229248541293257224e-01 -3.547291224525295217e-01 4.933522068838087221e-02 3.146795696844748025e-02 3.856408089377012793e-02 9.131820032113521779e-02
