3.622910629063769410e-03 1.000000000000000000e+00 7.634287307677542489e-02 3.472331633217778935e-02
4.166579495221301582e-03 9.999999999999995559e-01 1.215838564437416724e-01 3.472330143101659550e-02
7.309048040156213705e-03 1.000000000000000000e+00 4.813168076034538556e-01 3.472337593171969522e-02
6.148365085813833897e-02 9.999999999999998890e-01 7.346806558861160852e+00 3.472451334155219477e-02
9.999999999999859002e-02 2.886579864025407005e-15 8.114968646944601005e+01 3.473670971950590380e-02
1.000000000000000056e-01 1.201105922149053873e-01 1.823068005772328348e+01 3.472629292199869849e-02
1.000000000000000056e-01 0.000000000000000000e+00 1.558349251455001294e+01 3.472585521109832624e-02
1.000000000000000056e-01 0.000000000000000000e+00 1.574743156026987023e+01 3.472588108446815480e-02
9.999999999999999167e-02 1.995051508827418691e-18 1.570789359801108986e+01 3.472587394601799743e-02
9.999999999999999167e-02 1.995051508827418691e-18 1.570789359801108986e+01 3.472587394601799743e-02
