6.775262850710966900e-02
4.422202399767303227e-01
-1.058669002319819752e-01
-2.000562240416328685e-01
-2.004409851701411394e-01
-2.012517210287502190e-01
-2.014616182035768310e-01
-2.018003456406215756e-01
-2.018801648775449542e-01
-2.021195934695021457e-01
-2.022618202317417180e-01
-2.023595750114354774e-01
-2.026102298790259937e-01
-2.027236941398822268e-01
-2.032451454806139535e-01
-2.039293279753023880e-01
-2.019688706029876546e-01
-2.040928246119682044e-01
-2.042484950131588928e-01
-2.042602918294159631e-01
-2.042647824785592259e-01
-2.042669666049430344e-01
-2.042669666049429789e-01
