-1.093489385008509274e+01
2.689649606976392437e+00
4.358740776065317846e+00
-3.140069597741613094e+00
8.794986271281055590e-01
2.832982521399239229e+00
-2.437271386008909690e+00
9.141694707587847191e+00
8.982115226614075354e+00
-9.892150870564156984e-01
4.439062909637216947e+00
4.315108996852905499e+00
9.464604575644215700e-02
6.151718495299787759e-02
9.330922052372804185e-03
2.858105963571926089e-02
1.683711534582562619e+00
2.543198114940207866e+00
1.341773414064536402e-02
2.477793845680826765e-02
1.796004643042355298e+00
-3.165742320110295882e+00
5.120689762586595056e-02
8.499129571057505161e-02
-2.826511501287071737e-01
3.137683707323694282e+00
1.153558592505182952e-02
4.234719409456972304e-03
1.247840219283020469e+00
-1.023614453391006318e-01
2.761773491210423731e-02
5.434529555194773931e-02
-1.192676199896180123e+00
1.493865781883546399e-02
8.833732538115506017e-02
7.786775283309305129e-02
9.408049329989645049e-01
5.410664167090656340e-02
7.390068512208594620e-02
7.306891587373082197e-02
-1.034461165322765552e+00
-3.285342600730012830e+00
5.579888055683798059e-02
9.745724672278979761e-02
-3.392185057728298148e+00
3.439039976413877514e-02
1.328035384736620320e-02
4.859758708412431627e-02
-1.686690103125551898e+00
-3.160710060201050720e+00
5.535716347378797503e-02
3.690067274583151789e-03
5.019918508474924268e-01
-3.078097794143643373e+00
7.019600738044241839e-02
2.744271345452362412e-02
-1.822765919661995193e+00
-1.391225855143219531e-02
1.363841961465313800e-02
4.897452841583968368e-03
